0 0.889032 0.616321 0.899097 0.619593 0.897548 0.621956 0.886968 0.618321
0 0.821935 0.755725 0.824516 0.75627 0.819355 0.764086 0.816516 0.763177
0 0.740645 0.772446 0.752516 0.775718 0.751484 0.778444 0.739613 0.774809
1 0.162581 0.304253 0.162065 0.302799 0.165161 0.300618 0.166194 0.302799
1 0.164129 0.311341 0.163355 0.310069 0.16671 0.308615 0.167742 0.310069
1 0.185032 0.0138132 0.187355 0.0141767 0.186323 0.0172664 0.184258 0.0163577
1 0.190194 0.0149037 0.192 0.0152672 0.19071 0.018357 0.188645 0.0178117
1 0.169806 0.043984 0.167226 0.0430752 0.169548 0.040349 0.172129 0.0408942
1 0.189677 0.0221738 0.194581 0.023446 0.193548 0.0247183 0.189161 0.0232643
1 0.199484 0.0249 0.203355 0.0261723 0.202323 0.0274446 0.19871 0.0261723
1 0.208774 0.0278081 0.213419 0.0292621 0.212387 0.0305344 0.208 0.0290803
1 0.179613 0.0221738 0.181935 0.0225373 0.179871 0.025627 0.178323 0.0249
1 0.182452 0.0229008 0.184258 0.0236278 0.182194 0.0263541 0.180645 0.025627
1 0.183484 0.0254453 0.18529 0.025627 0.183742 0.0285351 0.182194 0.0279898
1 0.238452 0.020538 0.238968 0.0192657 0.243871 0.0209015 0.243097 0.0221738
1 0.24129 0.0172664 0.242323 0.0159942 0.246452 0.01763 0.245161 0.0189022
1 0.220903 0.0512541 0.222968 0.0519811 0.220903 0.0550709 0.219097 0.0541621
1 0.165161 0.0563431 0.162839 0.0552526 0.164903 0.0527081 0.16671 0.0532534
1 0.157935 0.0619775 0.156645 0.0610687 0.158194 0.0588877 0.160258 0.0597964
1 0.162065 0.0550709 0.160774 0.0545256 0.162065 0.0521628 0.164129 0.0527081
1 0.204129 0.0634315 0.205419 0.063795 0.203613 0.066703 0.202581 0.065976
1 0.206194 0.0643402 0.207742 0.0648855 0.206194 0.0672483 0.204645 0.0668848
1 0.212387 0.0656125 0.214194 0.0661578 0.212387 0.0683388 0.210839 0.0676118
1 0.231226 0.185569 0.233032 0.186114 0.231742 0.188659 0.229935 0.188113
0 0.863742 0.65976 0.872516 0.66285 0.870452 0.664849 0.861935 0.661578
0 0.713032 0.407852 0.715097 0.407125 0.719742 0.410033 0.717677 0.411305
1 0.244645 0.194111 0.246452 0.194293 0.244903 0.197383 0.243097 0.197019
0 0.917677 0.219557 0.920258 0.21992 0.91871 0.2241 0.916129 0.223192
0 0.92 0.230825 0.929548 0.229371 0.931097 0.231916 0.921548 0.233551
0 0.928516 0.221011 0.931355 0.221556 0.928258 0.22719 0.925161 0.226463
0 0.924387 0.219557 0.927484 0.220647 0.924129 0.225918 0.92129 0.224464
0 0.910968 0.21883 0.912774 0.219193 0.91071 0.224646 0.908645 0.223555
0 0.913548 0.21992 0.916129 0.220829 0.914323 0.225373 0.912 0.224646
1 0.234581 0.191385 0.237677 0.189022 0.239226 0.190294 0.235871 0.192475
1 0.241548 0.193202 0.243355 0.193566 0.242323 0.196292 0.240516 0.195747
1 0.385548 0.344238 0.387871 0.343875 0.388645 0.346965 0.386065 0.347328
1 0.384774 0.392039 0.386323 0.393312 0.384 0.395493 0.382452 0.394766
1 0.377032 0.356052 0.379871 0.355689 0.379613 0.358233 0.376774 0.358415
1 0.374968 0.333697 0.376516 0.333333 0.378065 0.335333 0.376258 0.335878
1 0.38529 0.380589 0.387355 0.381134 0.386323 0.384224 0.384 0.383679
1 0.377806 0.387314 0.379871 0.387677 0.379355 0.389858 0.37729 0.389495
1 0.271742 0.551436 0.269935 0.550164 0.272774 0.547801 0.274581 0.548891
1 0.138839 0.62868 0.140129 0.627408 0.143742 0.62868 0.142452 0.630134
0 0.221677 0.686114 0.223742 0.684842 0.226839 0.687205 0.224774 0.688295
0 0.22529 0.683206 0.229419 0.685569 0.228129 0.686478 0.224258 0.684297
0 0.226065 0.682661 0.227871 0.681752 0.231226 0.684115 0.229677 0.684842
0 0.248774 0.67012 0.250839 0.669029 0.253419 0.672301 0.251097 0.673573
0 0.251355 0.668666 0.253935 0.667757 0.257032 0.671574 0.25471 0.672664
0 0.257548 0.666848 0.259871 0.666121 0.26271 0.669756 0.260129 0.670665
0 0.291871 0.665213 0.288774 0.664849 0.289032 0.660305 0.291871 0.660124
0 0.411355 0.695747 0.413935 0.696656 0.411097 0.700473 0.408516 0.699382
0 0.581161 0.541985 0.586581 0.543439 0.585548 0.544711 0.580387 0.543257
0 0.580387 0.541258 0.580903 0.53944 0.587871 0.541258 0.586839 0.542893
0 0.581419 0.538895 0.582194 0.537259 0.589419 0.539258 0.588129 0.540894
0 0.538065 0.671392 0.538065 0.669575 0.547355 0.669393 0.547355 0.671574
0 0.541677 0.695202 0.544 0.69502 0.544258 0.6992 0.541935 0.6992
1 0.275871 0.274264 0.273806 0.273355 0.275613 0.270629 0.277419 0.271174
1 0.283355 0.276263 0.285161 0.275718 0.287226 0.278808 0.285161 0.279171
1 0.283355 0.269357 0.285161 0.26972 0.284387 0.273173 0.282065 0.27281
1 0.381419 0.356598 0.383484 0.356416 0.383484 0.35896 0.381419 0.35896
1 0.386581 0.360596 0.388903 0.360414 0.389161 0.363141 0.387097 0.363504
0 0.368 0.347146 0.370581 0.346601 0.371355 0.351509 0.368774 0.35169
1 0.386065 0.356052 0.388387 0.355871 0.388903 0.358233 0.386065 0.358597
1 0.161032 0.307525 0.16 0.306071 0.163613 0.304435 0.164387 0.305707
1 0.109677 0.33715 0.109419 0.335696 0.113806 0.334606 0.114065 0.33606
1 0.123097 0.336605 0.122323 0.335514 0.126968 0.333697 0.128 0.335151
1 0.0990968 0.342421 0.0988387 0.34133 0.102194 0.340603 0.10271 0.341876
1 0.103742 0.341512 0.102968 0.34024 0.107355 0.339149 0.107871 0.340603
1 0.0823226 0.282988 0.0843871 0.283533 0.0820645 0.286441 0.08 0.285896
1 0.0887742 0.284442 0.0905806 0.285169 0.0890323 0.287895 0.0872258 0.28735
1 0.0108387 0.335333 0.0113548 0.333879 0.0162581 0.334969 0.0157419 0.336423
1 0.0273548 0.32988 0.027871 0.328426 0.0332903 0.328971 0.0330323 0.330244
1 0.0725161 0.305707 0.0704516 0.304798 0.0725161 0.302617 0.0740645 0.303162
1 0.32129 0.488731 0.323613 0.489277 0.322065 0.492366 0.319742 0.491458
1 0.277677 0.540167 0.279226 0.540894 0.276645 0.543621 0.274839 0.54253
1 0.290839 0.544166 0.292387 0.545075 0.290065 0.547619 0.288258 0.546529
1 0.282065 0.544348 0.284387 0.545256 0.281806 0.548346 0.279484 0.547074
1 0.261677 0.556888 0.263742 0.558161 0.260645 0.560523 0.258839 0.558888
1 0.207226 0.57779 0.206452 0.579244 0.202065 0.577972 0.203097 0.576518
1 0.238968 0.569975 0.24 0.571065 0.235871 0.572701 0.234839 0.571247
0 0.0490323 0.490912 0.0513548 0.490367 0.0523871 0.494911 0.0500645 0.495093
1 0.0580645 0.474373 0.0596129 0.474191 0.0603871 0.477281 0.0585806 0.477644
1 0.0567742 0.48237 0.0588387 0.482007 0.0593548 0.485278 0.0572903 0.485642
0 0.370065 0.353144 0.372129 0.352781 0.372903 0.355871 0.370581 0.356052
1 0.297548 0.321883 0.299613 0.320974 0.301935 0.323337 0.299871 0.324064
1 0.386323 0.375863 0.388903 0.376227 0.387871 0.379135 0.385806 0.37859
