1 0.976974 0.186501 0.977522 0.175252 0.996711 0.177028 0.996162 0.188277
1 0.92489 0.237419 0.917763 0.226761 0.940789 0.228538 0.940241 0.239787
1 0.11568 0.243931 0.11568 0.232682 0.139254 0.233274 0.138706 0.244523
1 0.115132 0.255181 0.11568 0.243931 0.139803 0.245708 0.139254 0.256957
1 0.11239 0.26939 0.111842 0.258733 0.135417 0.258141 0.135417 0.269982
1 0.112939 0.283008 0.112939 0.271166 0.135417 0.271166 0.135417 0.282416
1 0.112939 0.298401 0.113487 0.285968 0.139254 0.28656 0.138158 0.298401
1 0.105263 0.315571 0.105263 0.304322 0.131031 0.305506 0.131031 0.316163
1 0.11239 0.280639 0.111842 0.291889 0.0860746 0.292481 0.0860746 0.280639
1 0.113487 0.262877 0.112939 0.276495 0.0794956 0.275903 0.0800439 0.262285
1 0.113487 0.249852 0.114035 0.262877 0.0860746 0.262877 0.0866228 0.249852
1 0.114035 0.23505 0.113487 0.2463 0.0904605 0.2463 0.0904605 0.234458
1 0.11239 0.220249 0.111842 0.231498 0.0882675 0.230906 0.0882675 0.220249
1 0.114035 0.194198 0.113487 0.206039 0.0904605 0.206631 0.0899123 0.19479
1 0.11239 0.18058 0.111842 0.191829 0.0888158 0.190645 0.089364 0.179396
1 0.115132 0.164002 0.115132 0.177028 0.0899123 0.177028 0.0888158 0.164594
1 0.11568 0.153345 0.115132 0.164002 0.0899123 0.162226 0.0899123 0.150977
1 0.117325 0.110716 0.116228 0.121966 0.0921053 0.120189 0.0926535 0.10894
1 0.116228 0.0976909 0.116228 0.10894 0.091557 0.108348 0.091557 0.0965068
1 0.120066 0.0834813 0.118969 0.0970989 0.0888158 0.0935465 0.089364 0.080521
1 0.117873 0.0674956 0.117325 0.0793369 0.09375 0.0781528 0.09375 0.0669035
1 0.116228 0.0544701 0.116228 0.0657194 0.091557 0.0651273 0.0921053 0.053286
1 0.116776 0.0420367 0.116228 0.0509177 0.0970395 0.0509177 0.0970395 0.0408526
1 0.117325 0.0278271 0.117325 0.0367081 0.0942982 0.0367081 0.0948465 0.0272351
1 0.123355 0.0219065 0.123904 0.0112493 0.145833 0.0118413 0.145833 0.0230906
1 0.118969 0.0148017 0.118421 0.0248668 0.098136 0.0236827 0.0986842 0.0136175
1 0.116776 0.230314 0.117873 0.219065 0.139803 0.221433 0.138158 0.23209
1 0.115132 0.21788 0.116228 0.207815 0.13761 0.208999 0.136513 0.219657
1 0.11568 0.206039 0.116228 0.195974 0.13761 0.195974 0.13761 0.206631
1 0.902412 0.053286 0.902961 0.0432208 0.917763 0.0438129 0.917215 0.053878
1 0.898026 0.0284192 0.920504 0.0296033 0.919408 0.0396684 0.89693 0.0378922
1 0.899671 0.195974 0.899671 0.185317 0.915022 0.186501 0.914474 0.195974
1 0.809211 0.968028 0.800987 0.958555 0.816886 0.941978 0.824561 0.949674
1 0.520285 0.0959147 0.513158 0.0917703 0.515351 0.0793369 0.522478 0.079929
1 0.565241 0.0301954 0.573465 0.0254589 0.58443 0.0467732 0.576754 0.0526939
1 0.523575 0.0746004 0.513158 0.0740083 0.513158 0.0633511 0.523026 0.0615749
1 0.597039 0.0396684 0.589364 0.044405 0.576206 0.0224985 0.583333 0.0183541
1 0.913925 0.970989 0.904605 0.9627 0.91886 0.944346 0.927632 0.952043
1 0.974232 0.264062 0.974232 0.25222 0.994518 0.25222 0.993969 0.26347
1 0.98136 0.169923 0.980811 0.159266 0.997807 0.158674 0.996711 0.169331
1 0.998355 0.124926 0.997807 0.135583 0.979167 0.135583 0.979167 0.124926
1 0.905154 0.138544 0.905154 0.127886 0.916667 0.127886 0.917215 0.138544
1 0.904057 0.110124 0.903509 0.100651 0.917763 0.100651 0.918311 0.110124
1 0.894189 0.0692718 0.894189 0.0568384 0.919956 0.0574304 0.919408 0.0698638
1 0.11568 0.192422 0.116228 0.181764 0.144737 0.181764 0.144189 0.193014
1 0.745614 0.938425 0.756579 0.944346 0.744518 0.968028 0.733553 0.962108
1 0.690789 0.941385 0.690241 0.953819 0.665022 0.953819 0.66557 0.940793
1 0.725877 0.939017 0.736294 0.944346 0.723684 0.971581 0.713816 0.966844
1 0.119518 0.0473653 0.119518 0.035524 0.141996 0.036116 0.141996 0.0473653
1 0.121711 0.0331557 0.122259 0.0230906 0.144189 0.0236827 0.14364 0.0337478
1 0.118421 0.0580225 0.118969 0.0461812 0.143092 0.0473653 0.142544 0.0574304
1 0.120614 0.0686797 0.120614 0.0574304 0.144189 0.0592066 0.143092 0.0692718
1 0.119518 0.0941385 0.120066 0.0834813 0.145285 0.0840734 0.144737 0.0959147
1 0.120066 0.107756 0.119518 0.0965068 0.14364 0.0970989 0.14364 0.107164
1 0.117325 0.121966 0.117873 0.110716 0.140351 0.111308 0.140351 0.122558
1 0.118969 0.145056 0.120066 0.134399 0.141996 0.135583 0.141996 0.145648
1 0.118969 0.155713 0.119518 0.14624 0.139254 0.146832 0.139254 0.156306
1 0.114583 0.179396 0.11568 0.169331 0.138158 0.169923 0.13761 0.179988
