1 0.573171 0.0247372 0.566899 0.0210266 0.571777 0.0142239 0.580139 0.0145331
1 0.44216 0.0349412 0.441812 0.0426716 0.419861 0.0408163 0.421254 0.0327767
1 0.520557 0.118738 0.512544 0.118738 0.513589 0.105442 0.520557 0.105751
1 0.525784 0.124923 0.533449 0.124923 0.533449 0.138528 0.525784 0.138528
1 0.520209 0.072047 0.527526 0.072047 0.527526 0.0865801 0.520209 0.0865801
1 0.40662 0.219233 0.415331 0.219233 0.414286 0.234385 0.40662 0.233766
1 0.431707 0.237168 0.422648 0.236549 0.423345 0.220161 0.432753 0.220161
1 0.439024 0.2282 0.438328 0.221707 0.454704 0.220779 0.455401 0.227582
1 0.421254 0.258503 0.420557 0.252319 0.435889 0.252319 0.435889 0.257885
1 0.421951 0.264378 0.421951 0.258194 0.436237 0.257885 0.436237 0.264069
1 0.404878 0.257885 0.405923 0.251391 0.421254 0.252938 0.420209 0.259122
1 0.391289 0.251701 0.390941 0.257885 0.376307 0.257576 0.376655 0.251391
1 0.374913 0.258503 0.390592 0.258503 0.390592 0.265615 0.374913 0.264997
1 0.119164 0.811688 0.127875 0.812307 0.126481 0.825294 0.119164 0.824985
1 0.119861 0.784168 0.127178 0.784168 0.126132 0.798083 0.118815 0.797774
1 0.0574913 0.742733 0.0578397 0.749227 0.0425087 0.749536 0.0421603 0.743043
