1 0.238492 0.0141255 0.23813 0.0240964 0.221457 0.0236809 0.221457 0.01371
1 0.816963 0.105941 0.823849 0.105941 0.823124 0.12339 0.8166 0.12339
1 0.900689 0.141255 0.893802 0.138762 0.898876 0.122144 0.905401 0.124636
1 0.874955 0.13253 0.868793 0.130037 0.873142 0.113835 0.879304 0.115912
1 0.881479 0.116327 0.889453 0.11882 0.884378 0.1371 0.876767 0.134607
1 0.849946 0.123806 0.842334 0.12339 0.842697 0.104279 0.849583 0.104695
1 0.839435 0.121313 0.833273 0.121313 0.833635 0.105526 0.840159 0.105941
1 0.825299 0.105941 0.831461 0.106772 0.830011 0.125052 0.824212 0.124636
1 0.797753 0.103864 0.805002 0.104695 0.804277 0.120482 0.79739 0.120066
1 0.97934 0.458247 0.988764 0.458247 0.988764 0.466556 0.97934 0.466556
1 0.823487 0.103864 0.8166 0.103864 0.8166 0.0872455 0.823124 0.0868301
1 0.808626 0.0843373 0.815513 0.0851683 0.814426 0.103864 0.807177 0.103448
1 0.907213 0.0585791 0.899964 0.0589946 0.900326 0.0432073 0.907213 0.0436228
1 0.896702 0.0589946 0.890178 0.0585791 0.890178 0.0407146 0.897064 0.0402991
1 0.88909 0.0606564 0.881841 0.060241 0.882566 0.0423764 0.889453 0.0427919
1 0.881116 0.0594101 0.873867 0.0594101 0.874592 0.0402991 0.881116 0.0402991
1 0.913374 0.110926 0.905401 0.110511 0.905763 0.0901537 0.913374 0.0909846
1 0.895614 0.108018 0.888365 0.108434 0.888365 0.0930619 0.895252 0.0930619
1 0.869155 0.106356 0.861906 0.106772 0.862269 0.0897383 0.869155 0.0897383
1 0.915549 0.129622 0.921711 0.13253 0.916274 0.149979 0.910112 0.147486
1 0.972454 0.0938928 0.972816 0.102617 0.955056 0.102617 0.955056 0.0938928
1 0.970279 0.104695 0.970642 0.112588 0.953606 0.113419 0.953244 0.105526
1 0.971729 0.115081 0.971729 0.122559 0.954331 0.122559 0.953969 0.115081
1 0.922073 0.111757 0.914462 0.112173 0.914462 0.0889074 0.922073 0.0893228
1 0.909387 0.179061 0.915912 0.182385 0.910112 0.199418 0.903588 0.196095
1 0.901414 0.196095 0.894889 0.192356 0.901051 0.176984 0.907213 0.180307
1 0.892715 0.192356 0.885466 0.188617 0.893077 0.171998 0.899601 0.175322
1 0.878217 0.184877 0.871693 0.182385 0.876404 0.16452 0.883291 0.166597
1 0.878942 0.106356 0.87278 0.106772 0.872055 0.0897383 0.877854 0.0897383
1 0.831461 0.104695 0.824937 0.10511 0.824937 0.0868301 0.831823 0.0868301
1 0.840884 0.103448 0.833635 0.102617 0.834723 0.0843373 0.841609 0.0847528
1 0.799565 0.0859992 0.806089 0.0864146 0.805002 0.102617 0.79884 0.102617
1 0.807901 0.103864 0.814788 0.103864 0.814063 0.120897 0.807177 0.120897
1 0.87133 0.0589946 0.865169 0.0589946 0.864444 0.04113 0.870968 0.04113
1 0.980428 0.448691 0.989126 0.448691 0.989126 0.455339 0.980428 0.455339
1 0.879667 0.0897383 0.886553 0.0897383 0.886916 0.106772 0.880391 0.107187
1 0.92606 0.0315746 0.925698 0.03656 0.911562 0.0353137 0.910837 0.0311591
1 0.354839 0.0116327 0.355201 0.0170337 0.340703 0.0162027 0.340703 0.0112173
1 0.308083 0.0103864 0.308083 0.0153718 0.295034 0.0153718 0.295034 0.00997092
1 0.239942 0.00747819 0.23958 0.0132946 0.225444 0.0124636 0.225082 0.00747819
1 0.283074 0.00914001 0.283436 0.0157873 0.267488 0.0157873 0.267126 0.00914001
1 0.98369 0.439551 0.989851 0.439551 0.989851 0.446199 0.98369 0.446199
1 0.972091 0.0332364 0.971366 0.0394682 0.957231 0.0378064 0.957231 0.0332364
1 0.98224 0.249273 0.994563 0.249273 0.994563 0.257167 0.98224 0.257167
1 0.981515 0.26049 0.994201 0.26049 0.994201 0.267968 0.981515 0.267968
1 0.981515 0.270046 0.993838 0.270046 0.993838 0.277108 0.981515 0.277108
1 0.980428 0.279601 0.993476 0.279601 0.993476 0.286664 0.980428 0.286664
1 0.98369 0.297881 0.993113 0.297881 0.993113 0.304944 0.98369 0.304944
1 0.980428 0.307437 0.993113 0.307437 0.993113 0.316161 0.980428 0.316161
1 0.983327 0.319069 0.992751 0.319069 0.992751 0.324886 0.983327 0.324886
1 0.980428 0.327794 0.992389 0.327794 0.992389 0.335688 0.980428 0.335688
1 0.981153 0.34732 0.991664 0.34732 0.991664 0.354383 0.981153 0.354383
1 0.981515 0.355214 0.991664 0.355214 0.991664 0.362692 0.981515 0.362692
1 0.980428 0.363108 0.991301 0.363108 0.991301 0.371417 0.980428 0.371417
1 0.979703 0.372248 0.991301 0.372248 0.991301 0.380557 0.979703 0.380557
1 0.98079 0.381388 0.990939 0.381388 0.990939 0.390112 0.98079 0.390112
1 0.98079 0.390528 0.990939 0.390528 0.990939 0.397175 0.98079 0.397175
1 0.981153 0.399668 0.990939 0.399668 0.990939 0.407146 0.981153 0.407146
1 0.979703 0.407977 0.990576 0.407977 0.990576 0.417117 0.979703 0.417117
1 0.843784 0.0872455 0.850308 0.0872455 0.849946 0.103448 0.843784 0.103448
1 0.896339 0.0901537 0.903588 0.0905692 0.903588 0.108018 0.897064 0.108434
1 0.281261 0.0170337 0.280899 0.0257582 0.266038 0.0249273 0.266038 0.0170337
1 0.890178 0.960532 0.882204 0.959701 0.883653 0.935189 0.893077 0.93602
1 0.371874 0.859576 0.371511 0.86747 0.354839 0.866639 0.354839 0.858745
1 0.353389 0.859576 0.353026 0.86747 0.336716 0.866639 0.337079 0.858745
1 0.499819 0.896967 0.499456 0.904861 0.481334 0.903614 0.481696 0.895305
1 0.646974 0.907769 0.646974 0.899875 0.664371 0.89946 0.664009 0.907769
1 0.701704 0.87661 0.702428 0.869132 0.719101 0.870794 0.718376 0.878272
1 0.882929 0.955962 0.87423 0.954715 0.876767 0.935189 0.884741 0.936435
1 0.892715 0.884088 0.892352 0.875364 0.907938 0.875364 0.909025 0.884088
1 0.283436 0.151641 0.282349 0.142916 0.299021 0.141255 0.299746 0.150395
1 0.855382 0.881595 0.855382 0.873286 0.870243 0.874117 0.869518 0.882426
1 0.839435 0.89489 0.839797 0.885334 0.85647 0.886165 0.856107 0.895721
1 0.540051 0.872871 0.540051 0.864562 0.557086 0.865808 0.556361 0.874533
1 0.510692 0.864146 0.51033 0.872871 0.493657 0.872455 0.493657 0.8629
1 0.47336 0.863315 0.472997 0.870794 0.458499 0.870378 0.458862 0.862069
1 0.440377 0.869132 0.441102 0.860823 0.457412 0.862069 0.456325 0.870378
1 0.305183 0.858745 0.304096 0.866639 0.287423 0.864977 0.28851 0.856668
1 0.234868 0.856253 0.234143 0.863731 0.220007 0.8629 0.220007 0.855422
1 0.25154 0.856668 0.25154 0.863731 0.23668 0.8629 0.237405 0.855837
1 0.218195 0.151226 0.218557 0.158704 0.204059 0.159535 0.203697 0.152057
1 0.342515 0.137516 0.342878 0.144994 0.327655 0.145825 0.327292 0.137931
1 0.363175 0.135854 0.3639 0.144578 0.34759 0.145825 0.347227 0.1371
1 0.387822 0.133361 0.388184 0.142086 0.371511 0.143332 0.370424 0.135023
1 0.971004 0.04113 0.970279 0.0494391 0.954694 0.0481928 0.955419 0.0398837
1 0.957231 0.0589946 0.957593 0.051101 0.973179 0.0519319 0.972816 0.0598255
1 0.49257 0.863315 0.491482 0.872455 0.476622 0.871209 0.477347 0.862484
1 0.179413 0.855422 0.178688 0.863315 0.162015 0.8629 0.162015 0.855006
1 0.0601667 0.84919 0.0540051 0.848359 0.0561798 0.830494 0.061979 0.831325
1 0.0239217 0.874948 0.0239217 0.866639 0.0395071 0.867054 0.0391446 0.874948
1 0.043494 0.874533 0.0442189 0.866639 0.0594418 0.868716 0.0583545 0.876194
1 0.0688655 0.220191 0.0612541 0.220191 0.0616165 0.201496 0.0688655 0.201496
1 0.0438565 0.051101 0.0503806 0.0515164 0.0503806 0.0697964 0.043494 0.0697964
1 0.309532 0.01828 0.309532 0.0265891 0.293585 0.0257582 0.293947 0.0174491
1 0.462486 0.884504 0.462124 0.891982 0.446901 0.891151 0.447264 0.883257
1 0.153316 0.01371 0.153679 0.00581637 0.170352 0.00747819 0.170352 0.0153718
1 0.891627 0.119651 0.897427 0.122144 0.893077 0.137931 0.886916 0.135854
1 0.938746 0.885334 0.939833 0.87661 0.955781 0.878272 0.955056 0.886581
1 0.866618 0.906107 0.866256 0.91317 0.852483 0.912754 0.852483 0.905692
1 0.834723 0.880764 0.835448 0.873702 0.850671 0.874948 0.849946 0.882842
1 0.818412 0.88118 0.8195 0.873702 0.83436 0.875364 0.833273 0.882842
1 0.889453 0.876194 0.88909 0.884504 0.87278 0.882842 0.873505 0.874948
1 0.909387 0.884504 0.90975 0.87661 0.925335 0.877856 0.92461 0.88575
1 0.957593 0.884919 0.957593 0.877441 0.972454 0.877441 0.972091 0.885334
1 0.924973 0.187786 0.931497 0.190278 0.927148 0.204819 0.920623 0.202327
1 0.0315332 0.487329 0.0311707 0.495638 0.0141356 0.495222 0.0141356 0.486913
1 0.918449 0.181554 0.924973 0.184877 0.919536 0.199003 0.913374 0.19651
1 0.884378 0.167428 0.89054 0.170337 0.884378 0.18737 0.878217 0.184877
1 0.868431 0.162858 0.874955 0.165351 0.870243 0.180307 0.863719 0.177815
1 0.860819 0.159119 0.866256 0.162027 0.861182 0.175737 0.855382 0.173245
1 0.852483 0.15538 0.858282 0.158288 0.853208 0.171998 0.847408 0.169921
1 0.908663 0.125883 0.915549 0.128791 0.909025 0.14624 0.902863 0.142916
1 0.778905 0.880349 0.77963 0.87204 0.796303 0.874117 0.795578 0.882011
1 0.761145 0.879518 0.761508 0.871624 0.776006 0.872455 0.776006 0.879934
1 0.666183 0.906523 0.666183 0.897798 0.682131 0.898214 0.682131 0.906938
1 0.590794 0.925634 0.58282 0.925634 0.583182 0.906523 0.590794 0.906938
1 0.624864 0.904861 0.625227 0.896552 0.642262 0.898214 0.641537 0.906523
1 0.658934 0.877856 0.658934 0.867885 0.681044 0.868716 0.680681 0.878687
1 0.640087 0.875779 0.640449 0.867885 0.65531 0.868301 0.654947 0.875779
1 0.62124 0.875779 0.621602 0.867054 0.636462 0.86747 0.636462 0.876194
1 0.59913 0.875364 0.599493 0.866639 0.61689 0.86747 0.616165 0.875779
1 0.580283 0.874533 0.580645 0.865393 0.59768 0.867054 0.596955 0.875364
1 0.0057992 0.875779 0.00616165 0.867885 0.0224719 0.868301 0.0221095 0.87661
1 0.0826386 0.887827 0.0757521 0.882011 0.0855382 0.865808 0.0924248 0.871209
1 0.215295 0.855422 0.215658 0.863731 0.19971 0.8629 0.200072 0.855006
1 0.198623 0.855006 0.197898 0.862484 0.1834 0.861238 0.183762 0.854175
1 0.21457 0.891151 0.213483 0.89946 0.19681 0.896967 0.197535 0.888658
1 0.0529177 0.886581 0.0521928 0.896552 0.0297209 0.894059 0.0304458 0.884919
1 0.0221095 0.631076 0.0293585 0.631076 0.028996 0.648525 0.0221095 0.648525
