1 0.058317 0.208024 0.0528376 0.209647 0.0477495 0.203618 0.0540117 0.201994
1 0.0696673 0.231911 0.0645793 0.231447 0.065362 0.225186 0.0708415 0.225649
1 0.361644 0.439007 0.366341 0.439471 0.364384 0.446892 0.358513 0.446197
1 0.355773 0.43808 0.360078 0.439239 0.355773 0.445269 0.351076 0.444573
1 0.325245 0.508117 0.318982 0.506957 0.321722 0.500464 0.327202 0.501391
1 0.0892368 0.726113 0.0864971 0.722635 0.0986301 0.719388 0.100978 0.721939
1 0.0669276 0.75974 0.0641879 0.762523 0.0500978 0.758349 0.053229 0.754638
0 0.0270059 0.393785 0.0340509 0.394712 0.0266145 0.414193 0.0187867 0.413033
0 0.0493151 0.338358 0.0555773 0.33975 0.0489237 0.35923 0.0414873 0.358071
1 0.0262231 0.339981 0.0199609 0.339286 0.023092 0.330705 0.030137 0.331633
1 0.0516634 0.262755 0.0571429 0.263451 0.0536204 0.269712 0.0489237 0.269017
1 0.0500978 0.25974 0.0446184 0.257653 0.0500978 0.250696 0.0559687 0.253015
1 0.0164384 0.225417 0.0109589 0.224722 0.0136986 0.217301 0.0199609 0.218228
1 0.00626223 0.179267 0.0101761 0.181354 0.00313112 0.186224 0.00156556 0.181586
1 0.0320939 0.173237 0.0273973 0.175325 0.0191781 0.170686 0.0227006 0.167904
1 0.0524462 0.185761 0.0473581 0.187384 0.0399217 0.182746 0.0450098 0.180659
1 0.095499 0.168599 0.090411 0.17115 0.0810176 0.166048 0.0845401 0.163033
1 0.100978 0.164889 0.0970646 0.16744 0.0876712 0.162801 0.0915851 0.159787
1 0.0289628 0.112013 0.0254403 0.1141 0.0168297 0.11039 0.0207436 0.107607
1 0.0336595 0.107607 0.0293542 0.11039 0.0207436 0.105519 0.0258317 0.102737
1 0.0446184 0.101113 0.0407045 0.102737 0.0332681 0.0987941 0.0363992 0.096243
1 0.198826 0.116651 0.20274 0.118506 0.194521 0.125 0.189041 0.122449
1 0.194912 0.112013 0.199217 0.113636 0.190215 0.12013 0.185519 0.117579
1 0.174168 0.112013 0.182387 0.105288 0.187867 0.108302 0.178474 0.114332
1 0.0708415 0.210807 0.0641879 0.211967 0.0606654 0.204777 0.0681018 0.203386
1 0.0630137 0.198748 0.058317 0.200371 0.0524462 0.194805 0.0579256 0.192718
1 0.154599 0.212662 0.149902 0.210575 0.161644 0.204082 0.165558 0.206865
1 0.421135 0.385668 0.424266 0.383581 0.434051 0.387987 0.43092 0.389842
1 0.434442 0.392857 0.437573 0.390538 0.44775 0.394481 0.444618 0.3968
1 0.417613 0.386132 0.42818 0.390306 0.424266 0.393553 0.41409 0.388915
1 0.427397 0.395176 0.43092 0.391929 0.44227 0.397032 0.439139 0.399351
1 0.315068 0.169759 0.319765 0.171614 0.312329 0.176948 0.308415 0.174861
1 0.302935 0.168599 0.299413 0.16628 0.307632 0.160482 0.311937 0.162801
1 0.26771 0.153757 0.262231 0.151206 0.272407 0.144712 0.276712 0.147495
1 0.128376 0.160714 0.123288 0.163961 0.113503 0.159091 0.117808 0.155148
1 0.133464 0.157699 0.12955 0.16025 0.118982 0.154685 0.123679 0.151902
1 0.138552 0.154917 0.133855 0.157699 0.12407 0.152134 0.128376 0.150046
1 0.148337 0.148887 0.14364 0.1468 0.150685 0.141929 0.154207 0.144249
1 0.15225 0.151902 0.147554 0.149119 0.15499 0.144249 0.159295 0.147032
1 0.156556 0.154685 0.152642 0.151902 0.160078 0.147263 0.164384 0.149351
1 0.162035 0.15654 0.15773 0.155148 0.164775 0.149814 0.16908 0.151902
1 0.2 0.179267 0.195695 0.176716 0.20274 0.171614 0.207828 0.173933
1 0.195695 0.17602 0.190607 0.173469 0.199609 0.168831 0.203523 0.17115
1 0.196477 0.184601 0.2 0.18205 0.208219 0.187384 0.204305 0.189935
1 0.193346 0.189239 0.19726 0.186456 0.206262 0.192022 0.201566 0.194341
1 0.190607 0.192718 0.194129 0.190631 0.202348 0.195269 0.198043 0.197356
1 0.184736 0.199675 0.187084 0.197588 0.196477 0.202458 0.193738 0.204777
1 0.163209 0.201067 0.158904 0.19898 0.168297 0.193646 0.172603 0.195965
1 0.169863 0.205937 0.163992 0.202226 0.174168 0.196197 0.180039 0.199675
1 0.147945 0.209416 0.14364 0.206401 0.153425 0.201531 0.15773 0.20385
