1 0.0673684 0.463371 0.0831579 0.453034 0.0878947 0.458427 0.0715789 0.469213
1 0.162105 0.422472 0.177368 0.414831 0.181579 0.420674 0.165789 0.429213
1 0.522632 0.177079 0.525263 0.181124 0.512105 0.188764 0.507895 0.184719
1 0.172632 0.435506 0.187368 0.426966 0.192632 0.433258 0.178421 0.442247
1 0.262105 0.502921 0.267895 0.509213 0.251053 0.518652 0.246316 0.51236
1 0.902105 0.0548315 0.896316 0.0588764 0.884211 0.0462921 0.890526 0.0417978
1 0.944211 0.091236 0.938947 0.094382 0.929474 0.0835955 0.934737 0.0804494
1 0.936316 0.0961798 0.932105 0.0997753 0.918947 0.0889888 0.924737 0.0844944
0 0.754737 0.183371 0.755263 0.19191 0.72 0.194607 0.718947 0.186966
0 0.75 0.171685 0.75 0.178876 0.713684 0.182921 0.712632 0.175281
0 0.735789 0.162247 0.735263 0.170787 0.703684 0.174382 0.702105 0.164944
0 0.664737 0.132584 0.660526 0.126742 0.685263 0.109663 0.692632 0.116854
1 0.546842 0.236404 0.543684 0.231461 0.552632 0.225169 0.556316 0.229213
1 0.542105 0.228315 0.538947 0.22427 0.551579 0.217079 0.554737 0.221573
1 0.525263 0.182921 0.528421 0.186966 0.519474 0.193708 0.515263 0.189213
1 0.595263 0.0853933 0.587368 0.087191 0.581579 0.0732584 0.588947 0.0710112
1 0.579474 0.0889888 0.572632 0.0898876 0.567368 0.0750562 0.576842 0.072809
1 0.571579 0.0948315 0.564211 0.0966292 0.558947 0.08 0.565789 0.0773034
1 0.313158 0.342921 0.307895 0.346067 0.298421 0.33573 0.304737 0.331236
1 0.312105 0.349663 0.317895 0.346067 0.327895 0.359101 0.321053 0.362247
1 0.298947 0.324494 0.292632 0.327191 0.283158 0.315506 0.288947 0.311461
1 0.284211 0.307416 0.276842 0.311011 0.266316 0.300225 0.275263 0.295281
