1 0.724538 0.282515 0.726731 0.277347 0.73676 0.283376 0.734566 0.289406
1 0.722971 0.290267 0.724851 0.28553 0.734566 0.291559 0.732999 0.297588
1 0.721091 0.298019 0.722344 0.292851 0.730805 0.297158 0.728925 0.303187
1 0.717957 0.304048 0.719524 0.299311 0.730179 0.306202 0.727985 0.31137
1 0.714196 0.316968 0.71545 0.312661 0.724224 0.317829 0.722657 0.323428
1 0.710749 0.32472 0.712943 0.319983 0.721091 0.326443 0.719524 0.331611
1 0.703855 0.346684 0.705735 0.341085 0.716703 0.346684 0.715136 0.352283
1 0.730179 0.36348 0.731432 0.357881 0.74146 0.363049 0.74052 0.368648
1 0.732059 0.356158 0.733312 0.35056 0.742714 0.355728 0.741774 0.360465
1 0.734879 0.348407 0.73676 0.342808 0.747101 0.349699 0.744908 0.355297
1 0.738953 0.341947 0.74052 0.33764 0.748668 0.342808 0.747101 0.347115
1 0.726731 0.274763 0.727985 0.268734 0.738013 0.274763 0.736446 0.279931
1 0.764024 0.300603 0.761517 0.306632 0.750862 0.299742 0.753682 0.293282
1 0.748982 0.30491 0.750548 0.299742 0.75901 0.305771 0.757129 0.31137
1 0.75807 0.313092 0.756189 0.319121 0.746474 0.313092 0.748041 0.306632
1 0.755563 0.320413 0.753369 0.326873 0.743027 0.319983 0.745534 0.313523
1 0.754309 0.327304 0.753055 0.333333 0.74146 0.328165 0.743027 0.322567
1 0.740207 0.334195 0.742087 0.329888 0.751175 0.336348 0.749608 0.340224
