1 0.94318 0.589622 0.94063 0.588631 0.942269 0.58269 0.944272 0.583284
1 0.947186 0.595167 0.949736 0.59596 0.948643 0.602496 0.945911 0.602099
1 0.26079 0.848485 0.263158 0.848089 0.264068 0.854625 0.261519 0.855021
0 0.0240393 0.73064 0.0218539 0.733413 0.0131124 0.725292 0.0158441 0.722123
1 0.260062 0.124579 0.262976 0.123787 0.264615 0.130917 0.261883 0.131907
1 0.294118 0.0778372 0.293025 0.0748663 0.298306 0.0713012 0.299945 0.0740741
1 0.321617 0.14181 0.324167 0.140424 0.327627 0.146762 0.325077 0.148742
1 0.331451 0.176471 0.333091 0.179045 0.327991 0.181818 0.326352 0.179243
1 0.254781 0.846702 0.256966 0.845316 0.25988 0.851258 0.257512 0.85304
1 0.483518 0.825114 0.48279 0.821549 0.489164 0.820757 0.48971 0.82452
1 0.641231 0.4286 0.637589 0.42959 0.637407 0.42246 0.640503 0.421866
1 0.633946 0.428798 0.63085 0.428402 0.630304 0.42246 0.632854 0.422262
1 0.693316 0.876609 0.690585 0.876609 0.691131 0.869479 0.693681 0.869479
1 0.690949 0.395326 0.693681 0.39592 0.691677 0.402654 0.689492 0.40206
1 0.695137 0.421668 0.695137 0.424044 0.688763 0.423648 0.688946 0.420677
