1 0.211009 0.74656 0.211519 0.75 0.202345 0.75 0.202345 0.74656
1 0.37156 0.739106 0.367992 0.739679 0.366972 0.729931 0.37054 0.729931
1 0.33843 0.74656 0.33792 0.749427 0.329766 0.749427 0.329766 0.745986
1 0.340469 0.749427 0.339959 0.745413 0.349134 0.745413 0.349643 0.748853
1 0.370031 0.749427 0.369521 0.752867 0.362385 0.752867 0.361876 0.749427
1 0.368502 0.759748 0.369011 0.763761 0.359837 0.764335 0.359327 0.759174
1 0.37105 0.743693 0.37054 0.747133 0.362895 0.747133 0.362895 0.743693
1 0.336901 0.734518 0.336391 0.738532 0.327217 0.737959 0.327217 0.733372
1 0.348114 0.755734 0.348624 0.758601 0.340979 0.759174 0.340979 0.755161
1 0.369521 0.771789 0.369521 0.775803 0.361366 0.775803 0.361366 0.770642
1 0.37156 0.794151 0.37156 0.798165 0.362385 0.798165 0.362385 0.794151
1 0.37105 0.78211 0.37105 0.787271 0.362385 0.787844 0.361876 0.783257
1 0.37156 0.799885 0.372069 0.803899 0.363405 0.803899 0.363405 0.800459
1 0.347604 0.723624 0.347095 0.727064 0.33945 0.727064 0.339959 0.72305
1 0.301223 0.724771 0.301223 0.728784 0.293068 0.728784 0.293068 0.725917
1 0.37054 0.825688 0.37054 0.829702 0.361366 0.829702 0.361366 0.825115
1 0.382773 0.738532 0.379205 0.739106 0.378695 0.729931 0.382263 0.729931
1 0.377166 0.739679 0.374108 0.740252 0.373598 0.729931 0.377166 0.729931
1 0.399592 0.737385 0.396024 0.737959 0.395005 0.727638 0.398573 0.727064
1 0.246177 0.599771 0.243629 0.596904 0.248216 0.588303 0.251784 0.590596
1 0.54791 0.626147 0.550968 0.626147 0.550968 0.634748 0.54791 0.634748
1 0.5158 0.625 0.519878 0.625 0.519878 0.637041 0.51631 0.637615
1 0.570846 0.665711 0.567278 0.665138 0.566769 0.654817 0.570846 0.654817
1 0.518349 0.665138 0.514781 0.665138 0.514271 0.656537 0.517839 0.656537
1 0.311927 0.686927 0.314985 0.686927 0.314475 0.694381 0.311417 0.694381
1 0.32263 0.68406 0.326198 0.68406 0.326198 0.692087 0.32314 0.692661
1 0.275229 0.601491 0.277268 0.599197 0.283894 0.603784 0.281855 0.607225
1 0.245158 0.627294 0.2421 0.625 0.249235 0.615252 0.252294 0.618119
1 0.246177 0.614679 0.244648 0.611812 0.248726 0.605505 0.251274 0.608945
1 0.245158 0.590596 0.243119 0.587729 0.248216 0.580849 0.250765 0.583142
1 0.404689 0.736239 0.401121 0.736239 0.400612 0.726491 0.404689 0.726491
1 0.244139 0.582569 0.2421 0.579702 0.246687 0.573394 0.249745 0.575688
1 0.24159 0.588303 0.239551 0.591743 0.231397 0.581995 0.233945 0.578555
1 0.239551 0.613532 0.238022 0.616399 0.231397 0.608945 0.232926 0.605505
1 0.240571 0.622706 0.239042 0.624427 0.232416 0.618693 0.233945 0.616399
1 0.241081 0.630161 0.239551 0.633028 0.232926 0.62672 0.233945 0.624427
1 0.239551 0.603784 0.238532 0.606651 0.230887 0.599771 0.232926 0.596904
1 0.240061 0.595757 0.238022 0.598624 0.231397 0.591743 0.233945 0.588876
1 0.215087 0.631307 0.212029 0.627867 0.216616 0.620413 0.220183 0.622706
1 0.214067 0.576835 0.216616 0.580275 0.20999 0.586009 0.207441 0.582569
1 0.0626911 0.37328 0.059633 0.37328 0.059633 0.363532 0.0621814 0.364106
1 0.0820591 0.0802752 0.0861366 0.0808486 0.0851172 0.0900229 0.0815494 0.0900229
1 0.0433231 0.0200688 0.0433231 0.016055 0.0514781 0.0166284 0.0509684 0.0206422
1 0.449541 0.723624 0.449032 0.726491 0.440877 0.725917 0.440877 0.722477
1 0.448012 0.717317 0.448012 0.720757 0.441386 0.720757 0.440367 0.717317
