1 0.529072 0.583595 0.532923 0.581501 0.536003 0.588133 0.532538 0.589529
1 0.522141 0.567888 0.524836 0.566492 0.528302 0.573124 0.525221 0.57452
1 0.479399 0.621291 0.475549 0.622688 0.472468 0.616405 0.476319 0.615009
1 0.487101 0.617452 0.48325 0.619197 0.479784 0.612914 0.483635 0.61082
1 0.494032 0.614311 0.490951 0.615707 0.487486 0.609075 0.490951 0.60733
1 0.487871 0.600698 0.491336 0.598953 0.494802 0.605934 0.491336 0.60733
1 0.501733 0.611169 0.498267 0.613264 0.495187 0.606632 0.498652 0.604538
1 0.506353 0.601745 0.509819 0.6 0.512899 0.606632 0.509434 0.608028
1 0.51367 0.598255 0.510204 0.6 0.506353 0.593019 0.510589 0.590925
1 0.520986 0.603839 0.517905 0.605236 0.514055 0.598604 0.51752 0.596859
1 0.514055 0.589878 0.51752 0.587784 0.520986 0.594764 0.51752 0.596161
1 0.517905 0.588133 0.521371 0.586387 0.524451 0.593019 0.521371 0.594415
1 0.521371 0.595113 0.525221 0.593717 0.528302 0.599651 0.524836 0.601047
1 0.522141 0.586387 0.525221 0.584991 0.528302 0.591274 0.525221 0.592321
1 0.525606 0.593717 0.528687 0.591972 0.532152 0.598604 0.528687 0.6
1 0.510204 0.61815 0.513285 0.616754 0.51675 0.623037 0.513285 0.624433
1 0.529457 0.591623 0.532538 0.590576 0.535618 0.596859 0.532538 0.597906
1 0.533308 0.590227 0.536003 0.588831 0.539854 0.595462 0.536773 0.596859
1 0.464767 0.654799 0.461302 0.656195 0.457066 0.649215 0.460916 0.647818
1 0.471313 0.650611 0.467848 0.652007 0.464767 0.645724 0.467848 0.643979
1 0.474779 0.648866 0.471698 0.649913 0.468233 0.643979 0.472083 0.642234
1 0.476319 0.641187 0.479399 0.639791 0.482865 0.645724 0.479399 0.64712
1 0.490566 0.643281 0.486715 0.644677 0.482865 0.638045 0.487101 0.6363
1 0.490181 0.633857 0.486715 0.635253 0.48325 0.62897 0.487101 0.627225
1 0.491336 0.634206 0.494417 0.63281 0.497497 0.639442 0.494417 0.640838
1 0.498267 0.630716 0.494417 0.632461 0.491336 0.626178 0.495187 0.624433
1 0.495187 0.63281 0.498267 0.631414 0.501348 0.638045 0.498267 0.639442
1 0.505198 0.636649 0.501733 0.637696 0.499037 0.631414 0.501733 0.629668
1 0.505968 0.627923 0.509434 0.626178 0.513285 0.633159 0.509434 0.634904
1 0.517905 0.569634 0.521371 0.568237 0.524451 0.574869 0.521371 0.576265
1 0.51444 0.572077 0.517135 0.570332 0.520601 0.576265 0.51752 0.57801
1 0.507124 0.574869 0.510204 0.573822 0.514055 0.580105 0.510204 0.581501
1 0.495187 0.579756 0.498652 0.57801 0.502118 0.584642 0.498267 0.586387
1 0.121679 0.239442 0.13015 0.239442 0.13015 0.243281 0.121679 0.243281
1 0.128995 0.249913 0.128995 0.246073 0.137851 0.245724 0.137851 0.249913
0 0.198691 0.244677 0.198691 0.24014 0.214478 0.24014 0.214863 0.244328
1 0.262996 0.220593 0.271082 0.220244 0.271082 0.223386 0.262996 0.224084
1 0.35387 0.215707 0.361956 0.215707 0.361956 0.219546 0.35387 0.219546
1 0.374278 0.577661 0.377744 0.579058 0.374278 0.586038 0.370812 0.584642
1 0.379669 0.580803 0.382749 0.58185 0.380054 0.588482 0.376973 0.587086
1 0.38429 0.244677 0.38429 0.241187 0.393916 0.241536 0.393531 0.245375
1 0.425491 0.241536 0.433577 0.241536 0.433577 0.244677 0.425876 0.244677
1 0.41779 0.537173 0.418945 0.534031 0.426646 0.536824 0.424721 0.539965
1 0.419715 0.532984 0.42087 0.529843 0.428956 0.532635 0.427416 0.535777
1 0.423181 0.526353 0.430497 0.528796 0.429342 0.531937 0.422025 0.528796
1 0.438198 0.515532 0.435503 0.513787 0.438968 0.505759 0.442434 0.507155
1 0.428186 0.490401 0.435503 0.493892 0.433192 0.496684 0.426646 0.493194
1 0.428571 0.489354 0.430497 0.486911 0.437428 0.491099 0.435503 0.493543
1 0.441278 0.489354 0.443974 0.488656 0.445899 0.493892 0.443204 0.494939
1 0.466692 0.464223 0.474008 0.466667 0.472853 0.469808 0.465922 0.466318
1 0.44975 0.454101 0.445899 0.452705 0.448595 0.444677 0.452445 0.445724
1 0.474779 0.241187 0.482865 0.240489 0.48325 0.244328 0.474394 0.244677
0 0.534463 0.216056 0.534463 0.219895 0.523296 0.219895 0.523296 0.216056
1 0.524451 0.244677 0.524066 0.240489 0.533693 0.24014 0.533693 0.244677
1 0.51598 0.247469 0.524836 0.247469 0.524836 0.25096 0.51598 0.25096
1 0.509819 0.546248 0.513285 0.544503 0.516365 0.550785 0.512899 0.552531
1 0.506353 0.575218 0.502888 0.576265 0.499422 0.569284 0.502888 0.567539
1 0.538698 0.543106 0.540239 0.545899 0.532923 0.549738 0.530997 0.546597
1 0.542164 0.549738 0.543319 0.552531 0.536388 0.556719 0.533693 0.553229
1 0.537928 0.55986 0.545245 0.556719 0.54717 0.55986 0.539854 0.562304
1 0.510589 0.626527 0.513285 0.625131 0.516365 0.631414 0.51367 0.63281
1 0.520601 0.630017 0.517135 0.631414 0.51444 0.625131 0.517135 0.623735
1 0.864074 0.223735 0.87293 0.223735 0.87293 0.227574 0.864074 0.227574
1 0.783596 0.217801 0.793223 0.21815 0.792838 0.221291 0.783211 0.220942
1 0.824413 0.222688 0.824413 0.226876 0.815556 0.227225 0.815556 0.222339
1 0.831344 0.253054 0.831344 0.248866 0.8402 0.249215 0.8402 0.253054
1 0.915287 0.252007 0.915287 0.248168 0.925298 0.248168 0.925298 0.251658
0 0.32114 0.721815 0.3196 0.726003 0.302657 0.721117 0.304582 0.716579
0 0.514055 0.616405 0.517135 0.615009 0.520601 0.62164 0.51752 0.623037
0 0.35233 0.657941 0.35695 0.660384 0.349634 0.675044 0.344628 0.672251
1 0.656527 0.148342 0.659607 0.148342 0.659607 0.155672 0.656527 0.155672
1 0.683866 0.222339 0.693492 0.222688 0.693492 0.226527 0.684251 0.226876
1 0.624182 0.216754 0.624182 0.220593 0.616095 0.220942 0.61571 0.216754
0 0.639584 0.627923 0.635348 0.629668 0.629958 0.619197 0.634578 0.617103
1 0.524451 0.619895 0.521371 0.621291 0.51752 0.615009 0.520601 0.613613
1 0.528302 0.61815 0.524836 0.619197 0.521371 0.613264 0.524836 0.611169
1 0.521371 0.62199 0.524836 0.620593 0.527917 0.626876 0.524836 0.628272
1 0.525221 0.620244 0.528302 0.618499 0.531767 0.625131 0.529072 0.626527
1 0.477474 0.666667 0.474394 0.668063 0.470543 0.661431 0.474394 0.659686
1 0.478244 0.659337 0.48171 0.657243 0.485175 0.663525 0.48171 0.664921
1 0.500193 0.657941 0.496342 0.659686 0.492491 0.652356 0.496342 0.650262
1 0.507894 0.655497 0.504428 0.656545 0.501348 0.649913 0.504813 0.648168
0 0.504813 0.647818 0.508279 0.646073 0.511744 0.652705 0.508664 0.654101
1 0.51521 0.651309 0.512514 0.652356 0.509049 0.645724 0.512129 0.644328
1 0.573739 0.670855 0.575279 0.674346 0.568733 0.677487 0.566808 0.673997
0 0.592607 0.662478 0.595302 0.665271 0.587986 0.670506 0.585291 0.667365
0 0.58144 0.611169 0.577975 0.612565 0.572969 0.601745 0.576819 0.600349
1 0.557181 0.598604 0.555641 0.595113 0.562572 0.591972 0.564112 0.594764
1 0.561802 0.587086 0.563342 0.590227 0.556026 0.593717 0.554486 0.590227
1 0.551791 0.586387 0.559107 0.583595 0.560647 0.586387 0.553716 0.589529
1 0.551405 0.582897 0.557566 0.580454 0.558722 0.582897 0.552946 0.58534
1 0.549865 0.579407 0.555641 0.576963 0.557181 0.579756 0.551405 0.582199
1 0.5464 0.576614 0.554486 0.573822 0.555256 0.576265 0.54871 0.579407
1 0.552176 0.569634 0.554486 0.572426 0.54717 0.575916 0.54563 0.573473
1 0.542549 0.569983 0.55025 0.566492 0.551405 0.569284 0.544474 0.572775
1 0.549095 0.562653 0.550635 0.565445 0.544089 0.568586 0.542549 0.565794
0 0.571044 0.252007 0.570658 0.24712 0.584136 0.24712 0.58375 0.252007
0 0.632653 0.630017 0.628417 0.631763 0.623027 0.622339 0.627647 0.620593
1 0.114363 0.21466 0.122449 0.21466 0.122449 0.218848 0.114363 0.218848
