0 0.788501 0.563798 0.801335 0.570475 0.789014 0.621662 0.776181 0.614985
1 0.682238 0.498516 0.689938 0.502967 0.682238 0.525964 0.675051 0.521513
1 0.0497947 0.363501 0.0462012 0.374629 0.0287474 0.363501 0.0318275 0.352374
1 0.0400411 0.420623 0.0441478 0.410237 0.0595483 0.420623 0.0559548 0.431751
1 0.0441478 0.405786 0.0477413 0.393917 0.0662218 0.404303 0.0626283 0.416172
1 0.0482546 0.388724 0.0513347 0.377596 0.0703285 0.388724 0.0672485 0.399852
1 0.0605749 0.343472 0.063655 0.331602 0.0841889 0.34273 0.0816222 0.355341
1 0.0128337 0.361276 0.00462012 0.355341 0.0128337 0.33457 0.0205339 0.340504
1 0.0379877 0.331602 0.0420945 0.318991 0.0590349 0.330861 0.0554415 0.34273
1 0.0359343 0.715134 0.026694 0.709199 0.0343943 0.681751 0.0436345 0.686202
1 0.0580082 0.357567 0.0605749 0.347181 0.0780287 0.355341 0.075462 0.366469
1 0.669405 0.491098 0.676591 0.494065 0.670945 0.52003 0.664271 0.517804
1 0.806468 0.567507 0.814682 0.571958 0.806468 0.60089 0.798768 0.596439
1 0.529774 0.973294 0.521561 0.969585 0.527721 0.945846 0.535934 0.95178
1 0.431211 0.964392 0.439938 0.968843 0.430185 1 0.421971 0.995549
1 0.420431 0.95549 0.428645 0.960682 0.419405 0.995549 0.410678 0.990356
1 0.384497 0.971068 0.374743 0.965875 0.382957 0.937685 0.392197 0.942878
1 0.376797 0.974036 0.38193 0.985905 0.369097 1.00074 0.363963 0.990356
1 0.355236 0.959941 0.36037 0.972552 0.342916 0.990356 0.337269 0.978487
1 0.0210472 0.888724 0.0287474 0.893175 0.0210472 0.919139 0.0128337 0.914688
1 0.0313142 0.45178 0.0338809 0.438427 0.0539014 0.450297 0.0508214 0.46365
1 0.0533881 0.372404 0.0564682 0.35905 0.0775154 0.369436 0.073922 0.383531
1 0.0364476 0.345697 0.0395277 0.33457 0.0574949 0.344955 0.0539014 0.356825
1 0.0102669 0.837537 0.0169405 0.84273 0.0087269 0.866469 0.00205339 0.862018
0 0.298255 0.267804 0.287474 0.270772 0.283368 0.22997 0.294148 0.229228
1 0.0446612 0.384273 0.0415811 0.396884 0.025154 0.388724 0.0292608 0.375371
1 0.691478 0.509644 0.699692 0.515579 0.691478 0.540801 0.683265 0.534866
1 0.770021 0.570475 0.778234 0.573442 0.772587 0.599407 0.764374 0.595697
1 0.701232 0.515579 0.708419 0.522255 0.700205 0.543027 0.693018 0.537092
1 0.4923 0.933234 0.501027 0.937685 0.494353 0.965134 0.485626 0.959941
1 0.36191 0.921365 0.370123 0.9273 0.36191 0.953264 0.353696 0.948071
1 0.226899 0.833828 0.23614 0.838279 0.226899 0.866469 0.218686 0.860534
1 0.0112936 0.871662 0.0189938 0.878338 0.0102669 0.902077 0.00308008 0.895401
1 0.0313142 0.856083 0.0400411 0.860534 0.0302875 0.890208 0.0210472 0.884273
1 0.0225873 0.846439 0.0297741 0.851632 0.0215606 0.873887 0.0138604 0.867953
