0 0.192493 0.391117 0.185061 0.384331 0.193608 0.355953 0.201041 0.362122
1 0.227053 0.373226 0.219993 0.368291 0.22631 0.347316 0.232999 0.352869
1 0.261241 0.273905 0.254181 0.26897 0.25864 0.251696 0.265329 0.256015
1 0.269045 0.283775 0.261984 0.277606 0.266815 0.259099 0.273876 0.264035
1 0.276106 0.17335 0.27945 0.163479 0.291713 0.175817 0.288369 0.185688
1 0.324786 0.206663 0.322557 0.218384 0.308064 0.208513 0.310294 0.198026
1 0.124489 0.124614 0.130806 0.127082 0.125975 0.152992 0.119658 0.150524
1 0.216648 0.342381 0.221479 0.3467 0.215533 0.365824 0.210331 0.361505
1 0.298402 0.314621 0.301747 0.323874 0.288369 0.339914 0.284653 0.331277
1 0.279822 0.297964 0.285767 0.302283 0.281308 0.320173 0.275362 0.316471
1 0.264214 0.286243 0.269788 0.291178 0.263842 0.309068 0.25864 0.304133
1 0.313266 0.254164 0.311037 0.263418 0.298774 0.254781 0.301003 0.245527
1 0.247492 0.250463 0.241546 0.244911 0.247492 0.226403 0.254181 0.231339
1 0.244147 0.230722 0.239688 0.224553 0.247863 0.209747 0.251951 0.215916
