1 0.560456 0.182222 0.560823 0.168148 0.576259 0.168148 0.575524 0.182963
1 0.783535 0.202963 0.777288 0.205185 0.774715 0.175556 0.78133 0.173333
1 0.818449 0.202222 0.811466 0.202963 0.811099 0.177037 0.818082 0.177037
1 0.113929 0.585185 0.113561 0.597778 0.0981257 0.597778 0.0977582 0.584444
1 0.152885 0.414815 0.152517 0.428148 0.138184 0.427407 0.138184 0.414815
1 0.109886 0.34963 0.110621 0.362222 0.0940831 0.363704 0.0937155 0.35037
1 0.783535 0.0474074 0.783535 0.0614815 0.766997 0.0622222 0.76663 0.0481481
1 0.773245 0.205926 0.76663 0.205926 0.766262 0.177037 0.772878 0.177778
1 0.829107 0.205185 0.822492 0.204444 0.822124 0.173333 0.829107 0.173333
1 0.625505 0.104444 0.632488 0.102963 0.632856 0.134815 0.62624 0.136296
1 0.0948181 0.287407 0.0940831 0.276296 0.106946 0.274815 0.107313 0.285926
1 0.791621 0.201481 0.783903 0.201481 0.78427 0.175556 0.791621 0.174815
1 0.801911 0.202963 0.794928 0.202963 0.795663 0.176296 0.802646 0.177778
0 0.660419 0.741481 0.668872 0.740741 0.670342 0.797037 0.661889 0.797037
0 0.677325 0.748148 0.686512 0.747407 0.687615 0.797778 0.679162 0.798519
1 0.338479 0.153333 0.338846 0.168148 0.320103 0.168148 0.319735 0.154074
1 0.154723 0.622963 0.15509 0.637778 0.139287 0.638519 0.13892 0.625185
1 0.114296 0.568889 0.113929 0.583704 0.0977582 0.581481 0.0981257 0.566667
1 0.152885 0.431111 0.15362 0.445185 0.135979 0.447407 0.135612 0.432593
1 0.152885 0.395556 0.153252 0.408889 0.139287 0.40963 0.139287 0.396296
1 0.150312 0.379259 0.151047 0.393333 0.137449 0.395556 0.137082 0.381481
1 0.196619 0.16 0.196986 0.174815 0.180448 0.175556 0.179713 0.16
1 0.70746 0.100741 0.712973 0.1 0.713708 0.124444 0.707828 0.125185
1 0.0507166 0.0407407 0.0510842 0.0259259 0.0657846 0.0259259 0.0654171 0.0407407
1 0.681 0.177037 0.687247 0.177778 0.68688 0.20963 0.680632 0.208889
1 0.636898 0.207407 0.637266 0.197037 0.650864 0.197778 0.650864 0.208889
1 0.615215 0.107407 0.62183 0.106667 0.622565 0.135556 0.61595 0.135556
1 0.635061 0.103704 0.641676 0.102963 0.641676 0.131852 0.635428 0.131852
1 0.644616 0.100741 0.651599 0.1 0.651966 0.13037 0.645351 0.131111
1 0.652701 0.101481 0.659316 0.1 0.660786 0.135556 0.654171 0.136296
1 0.669239 0.131111 0.662624 0.131111 0.662257 0.101481 0.668504 0.101481
1 0.679897 0.0985185 0.68688 0.0985185 0.687247 0.125185 0.681 0.125926
1 0.689452 0.105926 0.695333 0.105926 0.694965 0.128148 0.689085 0.128148
