1 0.918238 0.213255 0.917763 0.221807 0.9119 0.215927 0.912851 0.207376
1 0.903819 0.718332 0.906988 0.718867 0.906354 0.738108 0.90366 0.737039
1 0.498336 0.690005 0.495009 0.690005 0.495167 0.669161 0.498336 0.668626
1 0.516558 0.505077 0.518143 0.511491 0.513389 0.524319 0.511646 0.516301
1 0.521787 0.534474 0.520044 0.528594 0.523847 0.515232 0.525432 0.521646
1 0.517984 0.515767 0.519569 0.522181 0.515449 0.534474 0.513548 0.528594
1 0.518618 0.544094 0.520044 0.551042 0.515925 0.562266 0.514498 0.556387
1 0.518618 0.598076 0.520044 0.606093 0.515608 0.617851 0.514182 0.611438
1 0.536999 0.610369 0.535256 0.618386 0.530502 0.605559 0.532721 0.597007
1 0.521629 0.601817 0.520044 0.596472 0.52353 0.585783 0.525115 0.592197
1 0.505784 0.584714 0.508477 0.586852 0.507051 0.606093 0.504674 0.603421
1 0.532087 0.702833 0.529393 0.700695 0.530502 0.67985 0.533196 0.681988
1 0.507685 0.725281 0.510537 0.725815 0.51022 0.747728 0.507368 0.747194
1 0.502139 0.691609 0.49897 0.691609 0.499287 0.665954 0.502139 0.667023
1 0.266994 0.695885 0.264459 0.695885 0.264617 0.676644 0.267469 0.677712
1 0.528442 0.701764 0.526224 0.700695 0.526383 0.680919 0.528918 0.681988
1 0.279987 0.69535 0.276977 0.694816 0.277452 0.672902 0.280304 0.673437
1 0.287752 0.695885 0.284899 0.69535 0.285058 0.677712 0.287752 0.678247
1 0.297893 0.694816 0.29504 0.693747 0.295516 0.675575 0.298209 0.676644
1 0.29409 0.693747 0.291238 0.693212 0.291713 0.677178 0.29409 0.677712
1 0.290604 0.695885 0.287752 0.694281 0.288544 0.673437 0.291238 0.674506
1 0.284107 0.695885 0.281413 0.695885 0.281413 0.678247 0.284107 0.678781
1 0.263033 0.820951 0.26541 0.823624 0.263667 0.848744 0.260973 0.845537
1 0.268737 0.845537 0.266043 0.845537 0.266836 0.828968 0.269054 0.829503
1 0.275709 0.846072 0.273015 0.845003 0.273491 0.827365 0.276026 0.828434
1 0.279512 0.845537 0.277611 0.838055 0.282839 0.822555 0.284424 0.829503
1 0.362383 0.862106 0.359689 0.861037 0.360006 0.844468 0.3627 0.844468
1 0.540168 0.508819 0.538742 0.515232 0.533671 0.50294 0.535256 0.495457
1 0.528759 0.734901 0.531453 0.736505 0.531136 0.75628 0.528601 0.755211
1 0.928221 0.735436 0.929964 0.728487 0.934717 0.743453 0.933133 0.750935
1 0.984155 0.75628 0.981936 0.755746 0.98257 0.738642 0.984788 0.739711
1 0.979876 0.756815 0.977817 0.754677 0.979876 0.738642 0.982095 0.741849
1 0.971637 0.733832 0.973697 0.741849 0.969418 0.755746 0.967359 0.749332
1 0.860561 0.414217 0.858976 0.421165 0.853747 0.406734 0.85549 0.399252
1 0.860719 0.400855 0.858976 0.407269 0.854698 0.394441 0.8566 0.387493
1 0.844082 0.643506 0.846617 0.644041 0.846142 0.659006 0.843765 0.658471
1 0.846142 0.523784 0.848835 0.523784 0.84836 0.547835 0.845666 0.547835
1 0.880843 0.49225 0.884012 0.49225 0.88417 0.515767 0.881477 0.515232
1 0.912534 0.607696 0.909998 0.606093 0.910315 0.587386 0.913009 0.588455
1 0.885121 0.603421 0.88528 0.594869 0.891142 0.595404 0.891142 0.603421
1 0.933291 0.737573 0.934559 0.730091 0.940421 0.742384 0.939312 0.749866
1 0.885913 0.742918 0.883061 0.739711 0.885438 0.718332 0.888449 0.722074
1 0.522263 0.729556 0.524956 0.730625 0.524164 0.755211 0.521629 0.754142
1 0.893202 0.71566 0.896688 0.718867 0.89447 0.74078 0.891459 0.738108
1 0.737918 0.775521 0.741245 0.776056 0.740612 0.7969 0.737759 0.796366
0 0.717794 0.499198 0.714308 0.499198 0.714784 0.460182 0.718428 0.461785
0 0.71621 0.5783 0.716051 0.566542 0.726509 0.566542 0.726351 0.5783
1 0.661068 0.696419 0.663603 0.695885 0.663603 0.713522 0.661543 0.714057
1 0.64554 0.750401 0.648233 0.75147 0.647916 0.769642 0.645381 0.768573
1 0.634606 0.747728 0.637141 0.748797 0.636508 0.766435 0.634131 0.765901
1 0.60244 0.578835 0.605134 0.579369 0.604817 0.59861 0.602282 0.598076
1 0.605609 0.560128 0.607986 0.560128 0.608145 0.579369 0.605926 0.578835
1 0.605768 0.537146 0.608303 0.537146 0.608145 0.556387 0.605926 0.555318
1 0.609887 0.543025 0.612581 0.543025 0.612264 0.564939 0.609729 0.564404
1 0.364126 0.839123 0.366661 0.840192 0.365869 0.862106 0.363651 0.860502
1 0.374584 0.863709 0.371573 0.863175 0.372049 0.841796 0.374743 0.84233
1 0.378704 0.863175 0.375852 0.863709 0.375535 0.845537 0.378387 0.845537
1 0.386785 0.866382 0.38425 0.865313 0.384725 0.845003 0.387577 0.845003
1 0.370464 0.861571 0.367771 0.861037 0.368087 0.84233 0.371257 0.84233
1 0.431944 0.657937 0.43242 0.667557 0.425606 0.669695 0.425448 0.660609
1 0.47742 0.737039 0.474568 0.73597 0.475044 0.718332 0.477896 0.719401
1 0.479163 0.69054 0.476153 0.690005 0.47647 0.672368 0.479322 0.672368
1 0.482649 0.690005 0.479956 0.688936 0.480273 0.672902 0.482649 0.673437
1 0.486452 0.689471 0.483917 0.689471 0.483917 0.671833 0.486769 0.671299
1 0.475044 0.69054 0.47235 0.690005 0.472984 0.672902 0.475519 0.673437
1 0.473459 0.714057 0.473142 0.724746 0.466012 0.722074 0.466329 0.711384
1 0.850103 0.867451 0.852638 0.867985 0.851688 0.889898 0.849311 0.88883
1 0.849152 0.477819 0.846617 0.477819 0.846617 0.460182 0.849152 0.459113
1 0.791158 0.579369 0.790683 0.589524 0.784503 0.585249 0.785137 0.575094
1 0.665029 0.697488 0.667406 0.697488 0.667248 0.71566 0.664871 0.71566
1 0.65061 0.69535 0.653462 0.69535 0.652987 0.713522 0.650293 0.712453
1 0.649659 0.713522 0.647124 0.712988 0.647599 0.691609 0.650135 0.691609
1 0.600539 0.631213 0.603074 0.631213 0.602757 0.649385 0.60038 0.64992
1 0.581841 0.58899 0.584376 0.58899 0.583901 0.607162 0.581366 0.606627
1 0.578197 0.586852 0.580732 0.587921 0.580257 0.606093 0.577721 0.605024
1 0.538583 0.575094 0.536999 0.582042 0.532245 0.567076 0.534305 0.559594
1 0.542069 0.501871 0.54001 0.505612 0.536999 0.490647 0.539376 0.485836
1 0.518301 0.529663 0.520044 0.53768 0.515449 0.549973 0.513706 0.543025
1 0.518301 0.55799 0.519886 0.565473 0.515925 0.5783 0.51434 0.570818
1 0.521154 0.560663 0.519727 0.553715 0.524006 0.541422 0.525432 0.548904
1 0.518777 0.570818 0.520203 0.578835 0.515766 0.591662 0.514182 0.584714
1 0.518618 0.730625 0.521312 0.731694 0.520837 0.750935 0.518301 0.750401
1 0.517192 0.752539 0.514498 0.75147 0.515132 0.731694 0.517668 0.732763
1 0.511488 0.731694 0.514182 0.731694 0.513548 0.750935 0.511013 0.750401
1 0.44161 0.791555 0.438758 0.791021 0.439392 0.768038 0.442244 0.768573
1 0.494375 0.691074 0.491206 0.69054 0.491523 0.672368 0.494216 0.672902
1 0.490255 0.692678 0.487561 0.691074 0.488195 0.672902 0.491047 0.673971
