1 0.393429 0.358006 0.407751 0.358761 0.405223 0.38142 0.392586 0.38142
1 0.41112 0.359517 0.4246 0.359517 0.423757 0.384441 0.410278 0.383686
1 0.455771 0.253776 0.46925 0.253776 0.467565 0.27719 0.455771 0.276435
1 0.42123 0.251511 0.434709 0.251511 0.434709 0.277946 0.422915 0.277946
1 0.339511 0.25 0.353833 0.25 0.352148 0.276435 0.338669 0.27568
1 0.287279 0.25 0.302443 0.25 0.299916 0.27568 0.285594 0.27568
1 0.134794 0.238671 0.135636 0.225076 0.169334 0.225076 0.16765 0.238671
1 0.134794 0.22281 0.134794 0.210725 0.165965 0.20997 0.165965 0.22281
1 0.245998 0.191088 0.245156 0.206193 0.21567 0.205438 0.21567 0.191088
1 0.249368 0.162387 0.249368 0.175227 0.216512 0.173716 0.217355 0.160121
1 0.524853 0.259063 0.538332 0.259063 0.536647 0.286254 0.523168 0.286254
1 0.428812 0.358006 0.443134 0.358006 0.442291 0.382931 0.428812 0.382931
1 0.463353 0.463746 0.497894 0.464502 0.497894 0.475076 0.461668 0.475076
1 0.37658 0.359517 0.390059 0.359517 0.389217 0.386707 0.375737 0.385196
1 0.27043 0.422961 0.284751 0.422961 0.283909 0.452417 0.269587 0.451662
1 0.21567 0.237915 0.246841 0.238671 0.245998 0.249245 0.21567 0.249245
1 0.135636 0.241692 0.166807 0.242447 0.165122 0.253776 0.134794 0.253776
1 0.217355 0.111027 0.248526 0.111782 0.247683 0.123867 0.216512 0.122356
1 0.139848 0.113293 0.168492 0.113293 0.168492 0.124622 0.139848 0.124622
1 0.491997 0.497734 0.492839 0.510574 0.461668 0.509819 0.461668 0.496224
1 0.364785 0.476586 0.364785 0.463746 0.393429 0.464502 0.392586 0.478097
1 0.36647 0.492447 0.36647 0.479607 0.395114 0.480363 0.394271 0.493202
1 0.367313 0.524169 0.367313 0.511329 0.396799 0.511329 0.396799 0.524924
1 0.363943 0.509819 0.365628 0.495468 0.397641 0.496224 0.397641 0.510574
1 0.265375 0.452417 0.251053 0.451662 0.251896 0.424471 0.266217 0.425982
1 0.217355 0.42145 0.217355 0.407855 0.250211 0.407855 0.249368 0.42145
1 0.219882 0.404079 0.219882 0.391994 0.250211 0.391994 0.251053 0.405589
1 0.218197 0.391239 0.21904 0.377644 0.248526 0.378399 0.248526 0.391994
1 0.217355 0.375378 0.217355 0.361027 0.251053 0.361782 0.251053 0.376133
1 0.32519 0.353474 0.342039 0.353474 0.340354 0.382175 0.32519 0.382175
1 0.343724 0.35574 0.358045 0.356495 0.355518 0.382931 0.342881 0.38142
