1 0.308068 0.919355 0.341483 0.926799 0.339038 0.951613 0.305623 0.941687
1 0.0244499 0.33995 0.0244499 0.32134 0.0521597 0.322581 0.0513447 0.342432
1 0.127954 0.779156 0.127139 0.800248 0.0953545 0.799007 0.0961695 0.777916
1 0.128769 0.755583 0.127139 0.775434 0.0961695 0.774194 0.0977995 0.753102
1 0.129584 0.71464 0.130399 0.735732 0.0994295 0.734491 0.100244 0.7134
1 0.0203749 0.67866 0.0211899 0.66005 0.0480848 0.656328 0.0472698 0.676179
1 0.0179299 0.655087 0.0179299 0.635236 0.0472698 0.636476 0.0464548 0.657568
1 0.129584 0.638958 0.128769 0.66005 0.0961695 0.66005 0.0969845 0.638958
1 0.130399 0.617866 0.129584 0.638958 0.0986145 0.638958 0.0994295 0.617866
1 0.127954 0.569479 0.127139 0.590571 0.0994295 0.590571 0.0986145 0.569479
1 0.128769 0.488834 0.128769 0.507444 0.101059 0.506203 0.101874 0.486352
1 0.130399 0.540943 0.130399 0.564516 0.0977995 0.563275 0.0986145 0.540943
1 0.0187449 0.585608 0.0195599 0.564516 0.0480848 0.563275 0.0472698 0.585608
1 0.0203749 0.560794 0.0211899 0.538462 0.0497148 0.53598 0.0497148 0.555831
1 0.0203749 0.442928 0.0211899 0.423077 0.0505297 0.421836 0.0497148 0.444169
1 0.0220049 0.368486 0.0211899 0.347395 0.0505297 0.344913 0.0505297 0.364764
1 0.0252649 0.317618 0.0260799 0.296526 0.0537897 0.295285 0.0529747 0.317618
1 0.0195599 0.806452 0.0195599 0.7866 0.0505297 0.782878 0.0505297 0.80397
1 0.103504 0.208437 0.102689 0.191067 0.134474 0.191067 0.134474 0.208437
1 0.103504 0.23201 0.103504 0.2134 0.135289 0.212159 0.134474 0.233251
1 0.0260799 0.200993 0.0268949 0.183623 0.0562347 0.183623 0.0554197 0.203474
1 0.0277099 0.255583 0.0268949 0.234491 0.0546047 0.230769 0.0554197 0.24938
1 0.133659 0.240695 0.133659 0.263027 0.101059 0.263027 0.102689 0.238213
1 0.127139 0.80273 0.126324 0.826303 0.0945395 0.825062 0.0961695 0.80397
1 0.0187449 0.781638 0.0179299 0.760546 0.0448248 0.758065 0.0448248 0.779156
1 0.308068 0.944169 0.339038 0.952854 0.335778 0.975186 0.305623 0.965261
1 0.0986145 0.591811 0.129584 0.593052 0.128769 0.616625 0.0986145 0.615385
1 0.302363 0.968983 0.330888 0.977667 0.327628 0.998759 0.299104 0.990074
1 0.229014 0.960298 0.254279 0.971464 0.251019 0.992556 0.225754 0.98263
1 0.225754 0.933002 0.255094 0.942928 0.251834 0.962779 0.223309 0.952854
1 0.0912795 0.665012 0.127139 0.662531 0.127139 0.684864 0.0912795 0.687345
1 0.0994295 0.687345 0.131214 0.684864 0.130399 0.712159 0.0986145 0.709677
1 0.0961695 0.825062 0.128769 0.825062 0.126324 0.844913 0.0969845 0.846154
1 0.0961695 0.851117 0.126324 0.849876 0.126324 0.873449 0.0945395 0.870968
1 0.0961695 0.899504 0.127139 0.903226 0.126324 0.925558 0.0937245 0.919355
1 0.0146699 0.861042 0.0448248 0.861042 0.0440098 0.879653 0.0130399 0.878412
1 0.0130399 0.810174 0.0423798 0.811414 0.0423798 0.828784 0.0146699 0.828784
1 0.0162999 0.735732 0.0448248 0.734491 0.0440098 0.755583 0.0154849 0.754342
1 0.0162999 0.709677 0.0448248 0.705955 0.0456398 0.724566 0.0154849 0.727047
1 0.0171149 0.610422 0.0488998 0.610422 0.0472698 0.630273 0.0171149 0.631514
1 0.0179299 0.58933 0.0505297 0.586849 0.0497148 0.6067 0.0187449 0.610422
1 0.0994295 0.513648 0.133659 0.514888 0.132844 0.53598 0.0977995 0.533499
1 0.0171149 0.853598 0.0179299 0.832506 0.0431948 0.834988 0.0415648 0.854839
1 0.0203749 0.513648 0.0513447 0.512407 0.0497148 0.531017 0.0195599 0.532258
1 0.0211899 0.487593 0.0505297 0.486352 0.0505297 0.506203 0.0220049 0.508685
1 0.104319 0.375931 0.136919 0.37469 0.134474 0.395782 0.104319 0.394541
1 0.0203749 0.399504 0.0521597 0.398263 0.0505297 0.414392 0.0203749 0.415633
1 0.0211899 0.372208 0.0537897 0.370968 0.0537897 0.39206 0.0211899 0.39206
1 0.0268949 0.208437 0.0554197 0.204715 0.0554197 0.223325 0.0277099 0.228288
1 0.0220049 0.254342 0.0488998 0.259305 0.0456398 0.279156 0.0203749 0.274194
1 0.104319 0.162531 0.136919 0.163772 0.135289 0.183623 0.104319 0.183623
1 0.0220049 0.157568 0.0529747 0.156328 0.0521597 0.177419 0.0211899 0.179901
1 0.0904645 0.00248139 0.104319 0.00372208 0.0994295 0.0483871 0.0863896 0.0459057
1 0.0586797 0.00124069 0.0709046 0.00248139 0.0717196 0.0397022 0.0586797 0.0397022
1 0.231459 0.930521 0.233089 0.913151 0.263244 0.923077 0.259984 0.941687
1 0.129584 0.926799 0.128769 0.947891 0.0986145 0.944169 0.100244 0.923077
1 0.128769 0.877171 0.128769 0.898263 0.0961695 0.897022 0.0969845 0.877171
