1 0.631339 0.956568 0.632099 0.967161 0.620943 0.970869 0.619929 0.961335
1 0.536004 0.802436 0.532201 0.795551 0.537272 0.78178 0.541329 0.787076
1 0.247972 0.78125 0.255578 0.795551 0.253043 0.801907 0.245436 0.788136
0 0.855984 0.81303 0.852434 0.806144 0.859533 0.790254 0.863083 0.797669
0 0.862323 0.887182 0.865619 0.880297 0.872718 0.896716 0.869675 0.904131
0 0.88717 0.844809 0.89072 0.850106 0.885649 0.865996 0.882099 0.861229
0 0.864351 0.912076 0.861055 0.920551 0.852941 0.903602 0.855984 0.895657
0 0.844574 0.85911 0.841531 0.867585 0.832404 0.854343 0.835193 0.845339
1 0.832911 0.855932 0.841278 0.870233 0.838235 0.878178 0.830122 0.863877
1 0.260903 0.75053 0.27003 0.766949 0.267495 0.774364 0.25786 0.759004
1 0.233519 0.818326 0.24214 0.833686 0.239604 0.840572 0.230984 0.825212
0 0.178245 0.157309 0.174442 0.166314 0.164047 0.145127 0.167596 0.135593
1 0.433316 0.726165 0.436613 0.733051 0.43002 0.748411 0.426724 0.741525
1 0.437627 0.73464 0.440669 0.739936 0.435598 0.755297 0.432049 0.74947
1 0.44498 0.754237 0.448783 0.758475 0.444473 0.773305 0.440669 0.768538
1 0.404665 0.575212 0.401623 0.569386 0.410243 0.551907 0.413286 0.559322
1 0.385903 0.518008 0.389706 0.525424 0.383874 0.539725 0.380325 0.533898
0 0.389199 0.551907 0.384381 0.543432 0.391734 0.524364 0.396805 0.532839
0 0.397819 0.568856 0.393509 0.56197 0.403144 0.537606 0.407201 0.544492
0 0.86283 0.799788 0.865619 0.805614 0.860041 0.822034 0.856237 0.816208
1 0.932049 0.819915 0.93357 0.829449 0.924949 0.835805 0.923428 0.826801
1 0.552992 0.15678 0.556542 0.147775 0.563641 0.161547 0.560852 0.169492
1 0.555274 0.134534 0.557809 0.127648 0.564148 0.14089 0.561613 0.147246
1 0.501014 0.339513 0.504057 0.332097 0.510649 0.344809 0.50786 0.352225
1 0.867647 0.902013 0.864351 0.910487 0.857505 0.896186 0.861308 0.888771
1 0.650609 0.413665 0.654158 0.419492 0.647819 0.435381 0.644523 0.429025
1 0.865872 0.807733 0.869168 0.814619 0.862576 0.828919 0.859533 0.823093
1 0.837982 0.846398 0.841024 0.839513 0.848377 0.853284 0.844828 0.860169
1 0.826318 0.872881 0.829108 0.864936 0.837221 0.879237 0.834432 0.886653
1 0.85497 0.929025 0.851673 0.93697 0.84432 0.923199 0.84787 0.915254
