1 0.0825942 0.787713 0.0848115 0.776792 0.104767 0.785666 0.10255 0.794539
1 0.0776053 0.804778 0.0798226 0.793857 0.0981153 0.79727 0.0964523 0.808191
1 0.161863 0.793174 0.162417 0.806143 0.141907 0.808191 0.141353 0.795904
1 0.162971 0.885324 0.162971 0.898976 0.141907 0.898294 0.141907 0.885324
1 0.0742794 0.819795 0.0759424 0.808191 0.0970067 0.813652 0.0953437 0.825256
1 0.162417 0.868259 0.16408 0.880546 0.141907 0.882594 0.140798 0.870307
1 0.161863 0.809556 0.162417 0.821843 0.13969 0.823208 0.13969 0.810922
1 0.163525 0.959044 0.164634 0.972696 0.14357 0.974061 0.142461 0.962457
0 0.0781596 0.961775 0.0781596 0.94744 0.108093 0.94471 0.108647 0.96041
1 0.0764967 0.868259 0.077051 0.856655 0.0992239 0.856655 0.0992239 0.869625
