1 0.0236407 0.97017 0.0394011 0.965909 0.0464933 0.990767 0.0307329 0.995028
1 0.768322 0.960227 0.77305 0.972301 0.746257 0.981534 0.740741 0.97017
1 0.0961387 0.982244 0.0835303 0.985795 0.0764381 0.959517 0.0898345 0.956676
1 0.847124 0.451705 0.859732 0.443892 0.873916 0.46733 0.86052 0.475142
1 0.832151 0.459517 0.846336 0.451705 0.862096 0.475852 0.847124 0.482244
1 0.892829 0.429688 0.905437 0.421875 0.919622 0.443892 0.907013 0.450994
1 0.915682 0.613636 0.92829 0.605114 0.942474 0.627841 0.931442 0.633523
1 0.875493 0.434659 0.888101 0.428267 0.903861 0.453835 0.892829 0.458807
1 0.942474 0.590909 0.957447 0.584517 0.970843 0.607244 0.959811 0.615767
1 0.873916 0.551847 0.888101 0.544034 0.904649 0.569602 0.891253 0.575994
1 0.869976 0.513494 0.882585 0.505682 0.899133 0.53267 0.887313 0.538352
1 0.883373 0.504972 0.898345 0.49858 0.915682 0.524858 0.903073 0.53196
1 0.918046 0.529119 0.93223 0.522017 0.947991 0.545455 0.933806 0.552557
1 0.962175 0.507812 0.975571 0.50071 0.991332 0.524858 0.977935 0.53196
1 0.944838 0.480114 0.957447 0.472301 0.973207 0.497869 0.962175 0.504261
1 0.863672 0.444602 0.875493 0.43821 0.891253 0.460227 0.879433 0.46733
1 0.909377 0.421875 0.921198 0.416193 0.937746 0.439631 0.92435 0.446733
1 0.789598 0.477983 0.802206 0.470881 0.818755 0.495739 0.806935 0.502131
1 0.805359 0.471591 0.815603 0.465199 0.833727 0.490057 0.821907 0.495028
1 0.975571 0.53196 0.961387 0.539062 0.946414 0.514915 0.960599 0.507102
1 0.871552 0.551136 0.857368 0.558239 0.839243 0.53196 0.855792 0.524148
1 0.942474 0.510653 0.930654 0.518466 0.91647 0.495028 0.92829 0.487926
1 0.933018 0.555398 0.922774 0.56108 0.906225 0.536932 0.918046 0.52983
1 0.918046 0.560369 0.905437 0.567472 0.887313 0.541903 0.901497 0.534091
