1 0.693316 0.239306 0.68021 0.235838 0.686763 0.214451 0.698558 0.217919
1 0.136304 0.604624 0.125164 0.598844 0.139581 0.580347 0.14941 0.585549
1 0.0819135 0.544509 0.0930537 0.550867 0.0773263 0.569942 0.0674967 0.564162
1 0.102883 0.560116 0.112058 0.567052 0.0989515 0.583815 0.0878113 0.578035
1 0.129096 0.569942 0.138925 0.575145 0.127785 0.593642 0.117955 0.588439
1 0.153342 0.515029 0.162516 0.520231 0.150721 0.53815 0.140891 0.534104
1 0.142857 0.509249 0.152031 0.515607 0.138925 0.531214 0.130406 0.526012
1 0.130406 0.502312 0.140236 0.506936 0.127785 0.525434 0.118611 0.520809
1 0.108126 0.487861 0.118611 0.493642 0.104849 0.512139 0.0950197 0.506358
1 0.0747051 0.465896 0.08519 0.471676 0.0714286 0.492486 0.0602883 0.486127
1 0.0380079 0.449133 0.0484928 0.456069 0.034076 0.47341 0.0249017 0.46763
1 0.0137615 0.436416 0.0249017 0.442775 0.0117955 0.461272 0.000655308 0.455491
1 0.667759 0.215607 0.655308 0.213295 0.661861 0.189595 0.673001 0.191908
1 0.1173 0.564162 0.127785 0.568786 0.114024 0.590751 0.103539 0.584971
1 0.176278 0.528902 0.184142 0.532948 0.173001 0.552601 0.164482 0.548555
1 0.163827 0.521387 0.173001 0.52659 0.161206 0.545087 0.151376 0.539884
1 0.0963303 0.480347 0.106815 0.484971 0.0943644 0.503468 0.08519 0.499422
1 0.0589777 0.463006 0.0694626 0.46763 0.0583224 0.486127 0.0478375 0.480925
1 0.0491481 0.453757 0.059633 0.461272 0.0491481 0.478035 0.0366972 0.472254
0 0.714941 0.269942 0.70249 0.265896 0.712975 0.239884 0.725426 0.244509
0 0.704456 0.253179 0.692661 0.249133 0.699869 0.224855 0.71232 0.228324
0 0.726081 0.283815 0.712975 0.279769 0.722149 0.254913 0.73329 0.25896
0 0.68152 0.226012 0.667759 0.223121 0.674967 0.197688 0.686763 0.201156
1 0.653997 0.204046 0.644823 0.201156 0.650721 0.179191 0.661206 0.181503
1 0.159895 0.616763 0.14941 0.611561 0.161861 0.592486 0.173657 0.598266
1 0.644168 0.192486 0.633028 0.191908 0.634338 0.17341 0.644823 0.17341
1 0.631062 0.184971 0.619921 0.184393 0.620577 0.162428 0.632372 0.163006
1 0.6173 0.175723 0.605505 0.176879 0.603539 0.155491 0.615334 0.153757
1 0.600262 0.164162 0.587811 0.165318 0.584535 0.144509 0.596986 0.143353
1 0.583879 0.158382 0.571429 0.159538 0.567497 0.136416 0.579292 0.13526
1 0.569463 0.151445 0.556356 0.153179 0.553735 0.13237 0.565531 0.130636
1 0.552425 0.139306 0.540629 0.143931 0.532765 0.126012 0.544561 0.120809
1 0.535387 0.136416 0.522936 0.14104 0.513761 0.119075 0.525557 0.114451
1 0.515072 0.134104 0.504587 0.138728 0.493447 0.118497 0.504587 0.113295
1 0.390564 0.720809 0.38401 0.727746 0.365662 0.713873 0.372215 0.706358
