0 0.248282 0.706522 0.268041 0.720736 0.216495 0.77592 0.20189 0.762542
0 0.414948 0.348662 0.412371 0.334448 0.478522 0.318562 0.4811 0.335284
1 0.244845 0.219064 0.248282 0.233278 0.195876 0.242475 0.19244 0.228261
1 0.426976 0.133779 0.440722 0.126254 0.457904 0.153846 0.446735 0.161371
1 0.402921 0.136288 0.416667 0.12709 0.439863 0.155518 0.428694 0.165552
0 0.473368 0.644649 0.492268 0.634615 0.554983 0.757525 0.536942 0.767559
0 0.504296 0.609532 0.522337 0.599498 0.595361 0.726589 0.573024 0.73495
0 0.411512 0.329431 0.404639 0.311037 0.47079 0.294314 0.475086 0.312709
0 0.311856 0.636288 0.321306 0.651338 0.200172 0.718227 0.186426 0.704013
0 0.33677 0.449833 0.359966 0.447324 0.371993 0.515886 0.349656 0.520067
0 0.14433 0.284281 0.293814 0.251672 0.299828 0.273411 0.149485 0.307692
0 0.762887 0.206522 0.920962 0.210702 0.92268 0.229097 0.764605 0.22408
0 0.764605 0.233278 0.919244 0.236622 0.919244 0.255853 0.765464 0.25
0 0.768041 0.26505 0.916667 0.272575 0.916667 0.288462 0.766323 0.281773
0 0.731959 0.370401 0.733677 0.351171 0.888316 0.365385 0.885739 0.383779
0 0.407216 0.305184 0.400344 0.289298 0.469931 0.270067 0.475945 0.287625
1 0.230241 0.353679 0.212199 0.357023 0.203608 0.32107 0.222509 0.31689
1 0.480241 0.282609 0.502577 0.275084 0.512887 0.313545 0.492268 0.317726
1 0.229381 0.400502 0.213058 0.403846 0.205326 0.366221 0.221649 0.363712
1 0.177835 0.417224 0.176976 0.404682 0.207904 0.400502 0.210481 0.414716
1 0.244845 0.428094 0.256873 0.424749 0.263746 0.454849 0.251718 0.458194
1 0.291237 0.693144 0.280928 0.683946 0.304983 0.66388 0.313574 0.673077
1 0.33677 0.704849 0.347079 0.714047 0.323883 0.736622 0.313574 0.726589
1 0.594502 0.574415 0.604811 0.560201 0.630584 0.582776 0.621993 0.595318
1 0.613402 0.115385 0.628866 0.106187 0.645189 0.128763 0.634021 0.13796
1 0.632302 0.102843 0.645189 0.0919732 0.66323 0.117893 0.652921 0.12709
1 0.651203 0.090301 0.666667 0.0844482 0.682131 0.11204 0.670962 0.119565
1 0.671821 0.0811037 0.684708 0.0744147 0.699313 0.104515 0.688144 0.111204
1 0.601375 0.552676 0.606529 0.537625 0.637457 0.549331 0.632302 0.561873
0 0.632302 0.56689 0.640034 0.550167 0.709622 0.576923 0.702749 0.591973
0 0.414948 0.372074 0.411512 0.352843 0.487973 0.340301 0.49055 0.359532
0 0.40378 0.277592 0.396907 0.262542 0.463918 0.244147 0.47079 0.26087
