1 0.533557 0.960193 0.532438 0.93848 0.572707 0.93848 0.574944 0.961399
1 0.144295 0.66345 0.121924 0.656212 0.14094 0.595899 0.162192 0.603136
1 0.362416 0.674306 0.341163 0.665862 0.357942 0.61158 0.381432 0.618818
1 0.533557 0.934861 0.532438 0.908323 0.576063 0.910736 0.574944 0.934861
1 0.0615213 0.668275 0.082774 0.675513 0.0693512 0.721351 0.0480984 0.71532
1 0.416107 0.814234 0.393736 0.829916 0.35906 0.774427 0.38255 0.759952
1 0.0715884 0.814234 0.0514541 0.82509 0.0324385 0.781665 0.0525727 0.772014
1 0.057047 0.775633 0.0760626 0.765983 0.0961969 0.804584 0.0760626 0.814234
1 0.127517 0.811821 0.110738 0.822678 0.0872483 0.782871 0.108501 0.772014
1 0.0111857 0.669481 0.0302013 0.674306 0.0178971 0.720145 0.00111857 0.714113
1 0.0380313 0.668275 0.057047 0.6731 0.0402685 0.72497 0.0212528 0.718938
1 0.0917226 0.667069 0.10962 0.6731 0.0950783 0.721351 0.0760626 0.71532
1 0.419463 0.6731 0.438479 0.681544 0.4217 0.72497 0.403803 0.720145
1 0.120805 0.665862 0.139821 0.670688 0.129754 0.718938 0.108501 0.712907
1 0.144295 0.670688 0.162192 0.676719 0.14877 0.72497 0.129754 0.718938
1 0.177852 0.659831 0.197987 0.665862 0.181208 0.72497 0.158837 0.716526
1 0.5783 0.676719 0.557047 0.670688 0.576063 0.612786 0.596197 0.620024
1 0.310962 0.6731 0.328859 0.679131 0.313199 0.728589 0.294183 0.721351
1 0.33557 0.676719 0.354586 0.683957 0.342282 0.726176 0.324385 0.720145
