0 0.218303 0.0613847 0.210041 0.0685225 0.203368 0.0328337 0.211312 0.0228408
1 0.0387671 0.0742327 0.0451223 0.0642398 0.0514776 0.089222 0.0451223 0.0970735
1 0.222434 0.0392577 0.217032 0.0449679 0.212583 0.0199857 0.218939 0.0149893
1 0.220527 0.0742327 0.226247 0.0685225 0.232602 0.102784 0.227201 0.108494
1 0.210677 0.0756602 0.216714 0.0678087 0.222116 0.0949322 0.216714 0.100642
1 0.211948 0.114918 0.218939 0.106353 0.224976 0.137045 0.218303 0.142755
1 0.20591 0.129193 0.212583 0.122056 0.21735 0.148465 0.211312 0.155603
1 0.62504 0.00713776 0.625675 0.0206995 0.610423 0.0221271 0.610105 0.00856531
1 0.0578329 0.394004 0.0521131 0.401142 0.0467112 0.378301 0.0521131 0.371163
1 0.146489 0.267666 0.150937 0.259101 0.157928 0.281941 0.154115 0.289793
1 0.0104862 0.411135 0.00508421 0.417559 0.000317763 0.391863 0.00476644 0.385439
