1 0.175247 0.616933 0.177362 0.612789 0.182299 0.621078 0.180183 0.625222
1 0.126939 0.557726 0.130818 0.554174 0.134697 0.564831 0.131523 0.567792
1 0.330042 0.613973 0.333921 0.613381 0.333921 0.625814 0.330395 0.626406
1 0.13646 0.66193 0.136812 0.656009 0.143512 0.657786 0.143159 0.663114
1 0.126587 0.664298 0.125529 0.657786 0.132581 0.655417 0.133286 0.66193
1 0.141396 0.587922 0.144217 0.584369 0.147743 0.594435 0.145275 0.597395
1 0.14598 0.602131 0.149154 0.597395 0.15409 0.608644 0.151622 0.612789
1 0.286671 0.647128 0.288787 0.641208 0.29725 0.645944 0.295487 0.651865
1 0.342384 0.62759 0.338858 0.626406 0.33921 0.612197 0.343441 0.612789
1 0.335331 0.608052 0.338152 0.608052 0.338505 0.62167 0.334979 0.622854
1 0.382228 0.77087 0.385049 0.772647 0.382934 0.782712 0.380113 0.781528
1 0.385402 0.748372 0.388223 0.752516 0.383639 0.759029 0.380818 0.755477
1 0.383286 0.760213 0.385402 0.765542 0.379408 0.768502 0.37835 0.763766
1 0.385402 0.767318 0.388928 0.769094 0.38646 0.780343 0.383992 0.778567
1 0.389633 0.737715 0.393512 0.740083 0.391044 0.750148 0.387518 0.748372
1 0.429831 0.751332 0.431594 0.744819 0.439704 0.751924 0.438293 0.757253
1 0.564528 0.911782 0.567701 0.915927 0.564528 0.9254 0.561354 0.922439
