1 0.926516 0.140214 0.924437 0.12669 0.938302 0.118149 0.940035 0.132384
1 0.923397 0.0875445 0.921317 0.0733096 0.935875 0.0654804 0.938302 0.0797153
1 0.92201 0.052669 0.919931 0.0398577 0.932062 0.033452 0.934142 0.0462633
1 0.870017 0.0676157 0.862392 0.0704626 0.859272 0.0412811 0.866205 0.0370107
1 0.811438 0.148043 0.817678 0.143772 0.821144 0.17153 0.814905 0.175801
1 0.666551 0.153025 0.674177 0.148043 0.67799 0.177224 0.670711 0.181495
1 0.804159 0.10605 0.796534 0.111032 0.792374 0.0811388 0.800347 0.0768683
1 0.652686 0.163701 0.660312 0.158719 0.664818 0.185765 0.657192 0.190747
1 0.166031 0.419217 0.159099 0.426335 0.153206 0.399288 0.160832 0.393594
1 0.175043 0.345907 0.169151 0.351601 0.163951 0.323843 0.170537 0.319573
1 0.160485 0.356584 0.153206 0.360142 0.149047 0.333096 0.155633 0.329537
1 0.12305 0.252669 0.114385 0.25694 0.110572 0.223488 0.119584 0.219929
1 0.166724 0.0156584 0.169497 0.030605 0.156326 0.0405694 0.153206 0.027758
1 0.177816 0.312456 0.185789 0.30605 0.190295 0.339502 0.182322 0.34306
1 0.195147 0.403559 0.188215 0.406406 0.184749 0.379359 0.191681 0.376512
1 0.657539 0.236299 0.663778 0.23274 0.668284 0.261922 0.662392 0.266192
1 0.207972 0.368683 0.213865 0.366548 0.219411 0.399288 0.212825 0.403559
1 0.660659 0.272598 0.654419 0.275445 0.647834 0.243416 0.654419 0.239146
1 0.598614 0.278292 0.604506 0.272598 0.608666 0.303203 0.602773 0.306762
1 0.589948 0.280427 0.595841 0.276157 0.600347 0.305338 0.594801 0.309609
1 0.583016 0.286121 0.587868 0.281851 0.592374 0.307473 0.587868 0.311744
1 0.612825 0.21637 0.606239 0.221352 0.600693 0.192171 0.607972 0.1879
1 0.558752 0.219929 0.564645 0.217082 0.568804 0.244128 0.562565 0.247687
1 0.55078 0.224911 0.557366 0.220641 0.561525 0.24911 0.554939 0.252669
1 0.586135 0.315302 0.580589 0.318861 0.576776 0.291815 0.582322 0.288256
1 0.567071 0.294662 0.57435 0.290391 0.57747 0.314591 0.570884 0.318149
1 0.546274 0.31032 0.553553 0.305338 0.557366 0.33452 0.55078 0.33879
1 0.531369 0.316726 0.537608 0.312456 0.541768 0.338078 0.536222 0.34306
1 0.524437 0.324555 0.530329 0.320285 0.534489 0.345196 0.528596 0.348754
1 0.236395 0.139502 0.243674 0.137367 0.245407 0.170107 0.238475 0.172954
1 0.236049 0.271174 0.230849 0.274733 0.22565 0.240569 0.231196 0.238434
1 0.250607 0.266192 0.256846 0.262633 0.261005 0.291815 0.254073 0.296085
1 0.223224 0.361566 0.229463 0.358007 0.232582 0.385053 0.227036 0.389324
1 0.225303 0.390036 0.220104 0.393594 0.216638 0.369395 0.221837 0.364413
