1 0.933258 0.474679 0.932584 0.46826 0.940899 0.46612 0.941348 0.472896
1 0.445843 0.787803 0.441348 0.78281 0.44764 0.771041 0.451461 0.775678
1 0.445618 0.96826 0.448539 0.964337 0.453258 0.973966 0.450562 0.977532
1 0.334157 0.943652 0.339101 0.942225 0.340674 0.958987 0.335955 0.960057
1 0.589888 0.620185 0.593708 0.620185 0.592809 0.634451 0.589663 0.634094
1 0.510337 0.686519 0.507865 0.681526 0.514831 0.673324 0.517079 0.678317
1 0.908764 0.459344 0.913483 0.456491 0.91618 0.468616 0.911236 0.471113
1 0.744494 0.512482 0.749213 0.510342 0.751461 0.522111 0.747191 0.524251
1 0.917079 0.453638 0.921573 0.450428 0.924045 0.462553 0.92 0.46505
1 0.892809 0.868759 0.891461 0.86234 0.900899 0.857703 0.902022 0.863766
1 0.922921 0.987874 0.924719 0.995007 0.916404 0.999287 0.914831 0.992867
1 0.923146 0.978245 0.924494 0.983951 0.916404 0.989301 0.914831 0.983595
1 0.788764 0.920114 0.788315 0.914408 0.79618 0.911198 0.796854 0.916904
1 0.785618 0.89408 0.789213 0.888374 0.795506 0.898359 0.79191 0.903709
1 0.693708 0.589872 0.698202 0.587375 0.700899 0.601997 0.69618 0.603424
1 0.562022 0.708987 0.559775 0.703281 0.565169 0.696148 0.567865 0.701498
1 0.690562 0.573466 0.695056 0.57097 0.697303 0.584522 0.693258 0.585949
1 0.695506 0.570613 0.7 0.567404 0.703596 0.584165 0.699551 0.587019
1 0.696629 0.549572 0.701573 0.547076 0.704045 0.560628 0.699775 0.563124
1 0.58 0.880171 0.578202 0.885521 0.570562 0.879815 0.57191 0.874822
1 0.539775 0.851641 0.538427 0.846648 0.547191 0.840942 0.548764 0.845934
1 0.587416 0.759986 0.588764 0.766049 0.580449 0.770328 0.578876 0.765335
1 0.597079 0.755706 0.598427 0.762126 0.590337 0.766762 0.588764 0.761769
1 0.595056 0.747504 0.59618 0.752853 0.588764 0.757846 0.587416 0.75214
