1 0.979523 0.14654 0.973716 0.150182 0.966381 0.140656 0.972188 0.137013
1 0.165648 0.636593 0.165342 0.63211 0.176345 0.631269 0.17665 0.635752
1 0.137836 0.565424 0.140587 0.570748 0.128056 0.576072 0.125917 0.571028
1 0.164425 0.631269 0.163814 0.625665 0.176345 0.623144 0.177873 0.628467
1 0.130807 0.663211 0.130196 0.657607 0.143949 0.657607 0.143949 0.662931
1 0.954462 0.137293 0.950183 0.13281 0.961797 0.125806 0.964853 0.130008
1 0.096577 0.711964 0.0901589 0.710003 0.0922983 0.699356 0.0987164 0.700196
1 0.109413 0.731017 0.107885 0.736341 0.0956601 0.732978 0.0977995 0.727655
1 0.106663 0.736621 0.105134 0.740824 0.094132 0.738022 0.0959658 0.733539
1 0.0889364 0.761838 0.0843521 0.763519 0.0797677 0.754553 0.0846577 0.752592
1 0.0797677 0.76436 0.0745721 0.76492 0.0733496 0.752592 0.0788509 0.751751
1 0.0739609 0.766041 0.0702934 0.766321 0.0684597 0.756234 0.0721271 0.755394
1 0.0168093 0.757075 0.0146699 0.752031 0.0247555 0.748109 0.0272005 0.752872
1 0.0189487 0.762398 0.0168093 0.758756 0.0262836 0.754273 0.028423 0.758196
