0 0.605381 0.991639 0.572496 0.981605 0.603886 0.892977 0.639761 0.90301
1 0.077728 0.697324 0.0717489 0.727425 0.00896861 0.710702 0.0164425 0.67893
1 0.538117 0.949833 0.515695 0.941472 0.532138 0.879599 0.553064 0.886288
1 0.455904 0.953177 0.427504 0.943144 0.443946 0.886288 0.470852 0.892977
1 0.255605 0.91806 0.221226 0.908027 0.240658 0.831104 0.272048 0.837793
1 0.124066 0.802676 0.133034 0.769231 0.206278 0.789298 0.197309 0.819398
1 0.810164 0.195652 0.778774 0.212375 0.757848 0.158863 0.787743 0.14214
1 0.618834 0.140468 0.594918 0.125418 0.620329 0.0802676 0.64275 0.0919732
1 0.638266 0.188963 0.61136 0.177258 0.635277 0.115385 0.660688 0.128763
1 0.188341 0.0301003 0.182362 0.0668896 0.116592 0.0568562 0.121076 0.0234114
