1 0.938702 0.22787 0.947115 0.212971 0.992788 0.22787 0.984375 0.241893
1 0.15625 0.81858 0.169471 0.80894 0.199519 0.827344 0.185096 0.838738
1 0.173077 0.0324277 0.182692 0.0184049 0.234375 0.0359334 0.227163 0.0490798
1 0.426683 0.0674847 0.41226 0.0534619 0.44351 0.0341805 0.457933 0.0473269
1 0.325721 0.121823 0.313702 0.109553 0.352163 0.0885188 0.366587 0.0999124
1 0.300481 0.0762489 0.292067 0.0893953 0.248798 0.0780018 0.257212 0.063979
1 0.304087 0.118317 0.283654 0.106924 0.316106 0.0744961 0.340144 0.0885188
1 0.58774 0.194566 0.573317 0.182296 0.611779 0.15688 0.626202 0.173532
1 0.68149 0.212095 0.663462 0.200701 0.69351 0.177038 0.707933 0.186678
1 0.710337 0.2156 0.695913 0.201578 0.730769 0.179667 0.746394 0.191937
1 0.123798 0.695004 0.135817 0.680982 0.175481 0.701139 0.161058 0.713409
1 0.217548 0.812445 0.200721 0.827344 0.167067 0.80631 0.185096 0.792287
1 0.132212 0.835232 0.145433 0.820333 0.182692 0.843996 0.170673 0.85539
1 0.90625 0.248028 0.883413 0.243646 0.893029 0.211218 0.918269 0.216477
1 0.436298 0.853637 0.444712 0.842244 0.479567 0.858896 0.469952 0.870289
1 0.419471 0.86766 0.430288 0.85539 0.46274 0.876424 0.453125 0.887818
1 0.0697115 0.90447 0.0805288 0.893076 0.115385 0.910605 0.105769 0.923751
1 0.0564904 0.827344 0.0420673 0.841367 0.00600962 0.821209 0.0216346 0.807187
1 0.00120192 0.836985 0.00600962 0.824715 0.0348558 0.84312 0.0276442 0.854514
1 0.733173 0.95355 0.751202 0.96319 0.723558 0.992112 0.707933 0.984224
1 0.969952 0.915863 0.960337 0.930762 0.921875 0.911481 0.935096 0.898335
1 0.979567 0.835232 0.997596 0.843996 0.97476 0.870289 0.955529 0.860649
1 0.835337 0.0823839 0.826923 0.0999124 0.778846 0.0876424 0.786058 0.0718668
1 0.840144 0.0648554 0.832933 0.0797546 0.78726 0.0701139 0.792067 0.0560911
1 0.992788 0.116564 0.986779 0.134093 0.942308 0.122699 0.949519 0.106047
1 0.998798 0.100789 0.99399 0.115688 0.947115 0.105171 0.954327 0.0893953
1 0.78726 0.125329 0.792067 0.110429 0.831731 0.12007 0.823317 0.134969
1 0.971154 0.163015 0.966346 0.177914 0.919471 0.168273 0.925481 0.152498
