1 0.628995 0.94363 0.644977 0.952649 0.623288 0.993236 0.606164 0.983089
1 0.586758 0.924464 0.605023 0.932356 0.584475 0.972943 0.568493 0.965051
1 0.0593607 0.648253 0.0787671 0.658399 0.0525114 0.697858 0.0365297 0.689966
1 0.0856164 0.658399 0.101598 0.668546 0.0810502 0.703495 0.0650685 0.696731
1 0.105023 0.6708 0.119863 0.678692 0.0993151 0.715896 0.0856164 0.710259
1 0.123288 0.680947 0.140411 0.688839 0.121005 0.72717 0.106164 0.719278
1 0.144977 0.692221 0.1621 0.700113 0.136986 0.750846 0.121005 0.742954
1 0.208904 0.722661 0.227169 0.732807 0.200913 0.780158 0.182648 0.768884
1 0.273973 0.755355 0.293379 0.764374 0.276256 0.801578 0.255708 0.794814
1 0.319635 0.777903 0.3379 0.785795 0.31621 0.830891 0.299087 0.822999
1 0.35274 0.798196 0.372146 0.80947 0.351598 0.850056 0.333333 0.841037
1 0.561644 0.910936 0.582192 0.921082 0.561644 0.963923 0.542237 0.954904
