1 0.0022805 0.637387 0.00798176 0.618243 0.0524515 0.635135 0.0444698 0.653153
1 0.957811 0.400901 0.942987 0.393018 0.961231 0.353604 0.976055 0.361486
1 0.172178 0.0878378 0.18016 0.0686937 0.222349 0.0878378 0.215507 0.105856
1 0.221209 0.108108 0.22805 0.0878378 0.27138 0.103604 0.265678 0.120495
1 0.36374 0.0968468 0.343216 0.0878378 0.360319 0.0461712 0.379704 0.0529279
1 0.340935 0.150901 0.321551 0.144144 0.338655 0.102477 0.358039 0.108108
1 0.324971 0.186937 0.306727 0.179054 0.322691 0.14527 0.342075 0.152027
1 0.440137 0.30518 0.445838 0.287162 0.490308 0.30518 0.482326 0.31982
1 0.640821 0.385135 0.648803 0.367117 0.706956 0.390766 0.697834 0.407658
1 0.369441 0.349099 0.376283 0.331081 0.418472 0.347973 0.411631 0.364865
1 0.549601 0.417793 0.557583 0.398649 0.600912 0.416667 0.594071 0.434685
1 0.606613 0.44482 0.613455 0.42455 0.665906 0.445946 0.659065 0.466216
1 0.669327 0.46509 0.676169 0.44482 0.718358 0.460586 0.711517 0.480856
1 0.22577 0.435811 0.209806 0.427928 0.22919 0.384009 0.246294 0.391892
1 0.202965 0.501126 0.184721 0.496622 0.200684 0.452703 0.218928 0.459459
1 0.04561 0.503378 0.0558723 0.481982 0.101482 0.503378 0.0889396 0.523649
1 0 0.481982 0.00684151 0.461712 0.054732 0.481982 0.0444698 0.5
1 0.0866591 0.779279 0.0672748 0.768018 0.0877993 0.725225 0.107184 0.736486
1 0.0684151 0.829955 0.050171 0.818694 0.0649943 0.774775 0.0855188 0.782658
1 0.0513113 0.876126 0.0342075 0.869369 0.050171 0.826577 0.0684151 0.832207
1 0.0148233 0.963964 0 0.958333 0.00912201 0.92455 0.0307868 0.931306
1 0.752566 0.425676 0.758267 0.407658 0.799316 0.42455 0.793615 0.441441
1 0.838084 0.448198 0.815279 0.448198 0.814139 0.408784 0.836944 0.408784
1 0.724059 0.489865 0.733181 0.470721 0.782212 0.490991 0.77423 0.507883
1 0.820981 0.527027 0.826682 0.506757 0.875713 0.524775 0.870011 0.545045
1 0.900798 0.558559 0.905359 0.539414 0.948689 0.55518 0.942987 0.573198
