1 0.992013 0.785298 0.956869 0.786464 0.958466 0.742124 0.988818 0.742124
1 0.908946 0.953326 0.899361 0.973162 0.838658 0.957993 0.848243 0.935823
1 0.0319489 0.429405 0.00319489 0.414236 0.0367412 0.37923 0.0654952 0.395566
1 0.458466 0.869312 0.469649 0.850642 0.525559 0.866978 0.51278 0.886814
1 0.683706 0.914819 0.651757 0.91832 0.640575 0.855309 0.672524 0.852975
1 0.626198 0.932322 0.65655 0.928821 0.666134 0.980163 0.63738 0.983664
1 0.998403 0.906651 0.992013 0.926488 0.92492 0.908985 0.9377 0.887981
1 0.988818 0.740957 0.956869 0.740957 0.953674 0.700117 0.984026 0.697783
1 0.837061 0.869312 0.809904 0.870478 0.805112 0.822637 0.832268 0.82147
1 0.833866 0.808635 0.864217 0.807468 0.870607 0.855309 0.838658 0.855309
1 0.864217 0.801634 0.896166 0.801634 0.897764 0.84014 0.873802 0.841307
1 0.93131 0.828471 0.899361 0.828471 0.894569 0.785298 0.92492 0.784131
1 0.956869 0.809802 0.928115 0.810968 0.92492 0.764294 0.956869 0.76196
1 0.92492 0.775963 0.897764 0.775963 0.896166 0.736289 0.923323 0.736289
1 0.955272 0.75846 0.926518 0.757293 0.921725 0.711785 0.953674 0.712952
