1 0.977163 0.222807 0.955529 0.213158 0.983173 0.178947 1.0012 0.186842
1 0.626202 0.0342105 0.633413 0.0192982 0.674279 0.0324561 0.668269 0.0473684
1 0.564904 0.0201754 0.573317 0.00350877 0.622596 0.0175439 0.614183 0.0324561
1 0.633413 0.0166667 0.641827 0.00175439 0.686298 0.0157895 0.680288 0.0307018
1 0.61899 0.05 0.626202 0.0359649 0.671875 0.0517544 0.664663 0.0640351
1 0.816106 0.0219298 0.810096 0.0368421 0.776442 0.0254386 0.782452 0.0122807
1 0.608173 0.0692982 0.615385 0.0535088 0.664663 0.0684211 0.657452 0.0842105
1 0.692308 0.114035 0.673077 0.112281 0.679087 0.0824561 0.697115 0.0842105
1 0.770433 0.107895 0.763221 0.121053 0.72476 0.109649 0.731971 0.095614
1 0.777644 0.0868421 0.770433 0.104386 0.725962 0.0903509 0.735577 0.0745614
1 0.789663 0.0710526 0.783654 0.0859649 0.740385 0.072807 0.747596 0.0578947
1 0.799279 0.054386 0.792067 0.0701754 0.748798 0.0570175 0.75601 0.0421053
1 0.805288 0.0377193 0.799279 0.0526316 0.758413 0.0403509 0.766827 0.0245614
