1 0.401762 0.955947 0.413216 0.965859 0.392952 0.998899 0.381498 0.990088
1 0.23348 0.0165198 0.238767 0.00220264 0.264317 0.0143172 0.259031 0.0297357
1 0.269604 0.0429515 0.262555 0.0605727 0.228194 0.0429515 0.234361 0.0242291
1 0.180617 0.963656 0.170925 0.979075 0.146256 0.950441 0.155947 0.935022
1 0.244053 0.111233 0.237004 0.129956 0.206167 0.109031 0.214097 0.089207
1 0.0696035 0.484581 0.0845815 0.495595 0.0669604 0.531938 0.0528634 0.523128
1 0.117181 0.748899 0.129515 0.761013 0.110132 0.792952 0.0969163 0.780837
1 0.133921 0.761013 0.145374 0.769824 0.125991 0.807269 0.1163 0.795154
1 0.190308 0.719163 0.201762 0.730176 0.18326 0.763216 0.171806 0.752203
1 0.140969 0.865639 0.151542 0.849119 0.177974 0.877753 0.169163 0.894273
