1 0.906137 0.807557 0.88568 0.813708 0.871239 0.786467 0.894103 0.780316
1 0.981949 0.797012 0.960289 0.804042 0.944645 0.776801 0.968712 0.768893
1 0.784597 0.945518 0.762936 0.950791 0.752106 0.920035 0.77497 0.914763
1 0.805054 0.942004 0.784597 0.946397 0.772563 0.917399 0.791817 0.912127
1 0.825511 0.934974 0.806258 0.939367 0.791817 0.912127 0.811071 0.906854
1 0.844765 0.928822 0.826715 0.934095 0.812274 0.905975 0.829122 0.900703
1 0.870036 0.921793 0.849579 0.927944 0.831528 0.900703 0.854392 0.892794
1 0.890493 0.915641 0.871239 0.922671 0.854392 0.891037 0.876053 0.884007
1 0.912154 0.90949 0.8929 0.915641 0.877256 0.884007 0.897714 0.878735
1 0.770156 0.954306 0.787004 0.949033 0.801444 0.978032 0.78219 0.983304
1 0.78941 0.952548 0.807461 0.947276 0.821901 0.972759 0.803851 0.979789
1 0.811071 0.947276 0.829122 0.942004 0.841155 0.966608 0.823105 0.97188
1 0.862816 0.961336 0.841155 0.966608 0.827918 0.939367 0.847172 0.932337
1 0.848375 0.932337 0.867629 0.927065 0.88207 0.956063 0.866426 0.962214
1 0.871239 0.925308 0.891697 0.919156 0.904934 0.95167 0.884477 0.957821
1 0.8929 0.919156 0.913357 0.913884 0.926594 0.947276 0.906137 0.952548
1 0.914561 0.912127 0.932611 0.905975 0.949458 0.940246 0.929001 0.945518
1 0.930205 0.907733 0.953069 0.900703 0.965102 0.929701 0.945848 0.934974
1 0.948255 0.898067 0.926594 0.903339 0.913357 0.87522 0.935018 0.86819
1 0.938628 0.870826 0.956679 0.865554 0.971119 0.891037 0.951865 0.897188
1 0.957882 0.862039 0.977136 0.855888 0.99278 0.88225 0.973526 0.890158
1 0.954272 0.90246 0.975933 0.896309 0.990373 0.924429 0.971119 0.93058
1 0.936221 0.813708 0.912154 0.819859 0.895307 0.782074 0.921781 0.775044
1 0.953069 0.799649 0.931408 0.804042 0.921781 0.774165 0.943442 0.769772
