1 0.407831 0.130388 0.415663 0.145474 0.39759 0.174569 0.390361 0.161638
1 0.370482 0.0581897 0.377711 0.0743534 0.359036 0.103448 0.35241 0.0894397
1 0.0873494 0.247845 0.0945783 0.261853 0.0783133 0.294181 0.0692771 0.280172
1 0.4 0.110991 0.407229 0.125 0.386145 0.158405 0.379518 0.145474
1 0.378916 0.0765086 0.387952 0.0915948 0.368072 0.123922 0.361446 0.108836
1 0.310241 0.261853 0.311446 0.237069 0.335542 0.241379 0.33494 0.265086
1 0.385542 0.279095 0.375904 0.292026 0.362048 0.253233 0.372289 0.242457
1 0.395181 0.259698 0.386747 0.272629 0.370482 0.233836 0.380723 0.220905
1 0.370482 0.296336 0.361446 0.307112 0.348193 0.271552 0.357831 0.261853
1 0.35 0.324353 0.339157 0.338362 0.324096 0.302802 0.33494 0.284483
1 0.315663 0.366379 0.306627 0.380388 0.289759 0.340517 0.3 0.328664
1 0.0644578 0.288793 0.0728916 0.306034 0.0536145 0.338362 0.0445783 0.322198
