1 0.16 0.376611 0.156471 0.366483 0.181176 0.361878 0.184706 0.371087
1 0.152941 0.459484 0.142353 0.46593 0.127059 0.448435 0.14 0.44291
1 0.134118 0.899632 0.137647 0.910681 0.109412 0.917127 0.104706 0.907919
1 0.156471 0.810313 0.168235 0.80663 0.175294 0.825046 0.163529 0.827808
1 0.142353 0.812155 0.155294 0.809392 0.161176 0.826888 0.151765 0.82965
1 0.0964706 0.930018 0.0941176 0.922652 0.116471 0.918048 0.118824 0.926335
1 0.181176 0.918048 0.184706 0.927256 0.16 0.93186 0.156471 0.922652
1 0.254118 0.621547 0.241176 0.62523 0.234118 0.605893 0.247059 0.60221
1 0.238824 0.623389 0.228235 0.626151 0.221176 0.606814 0.231765 0.604052
1 0.147059 0.472376 0.16 0.474217 0.154118 0.496317 0.142353 0.495396
