1 0.672414 0.257827 0.668495 0.263966 0.655956 0.259055 0.659875 0.25353
1 0.648903 0.270104 0.64185 0.273174 0.630878 0.26151 0.639498 0.257213
1 0.151254 0.121547 0.147335 0.126458 0.12931 0.120319 0.133229 0.11418
1 0.282915 0.606507 0.29232 0.608349 0.28605 0.619398 0.278213 0.617557
1 0.155172 0.600982 0.164577 0.600368 0.166144 0.612032 0.15674 0.612032
1 0.130878 0.603438 0.138715 0.60221 0.140282 0.612032 0.133229 0.612646
1 0.123824 0.601596 0.130878 0.599754 0.132445 0.612032 0.126176 0.612646
1 0.0658307 0.67833 0.0579937 0.682014 0.0509404 0.671578 0.0595611 0.668508
1 0.286834 0.990792 0.287618 0.997545 0.27116 0.998772 0.270376 0.992634
1 0.681034 0.251688 0.6779 0.257213 0.664577 0.251688 0.666144 0.246777
