1 0.849237 0.674838 0.842239 0.674838 0.842239 0.656813 0.849237 0.656813
1 0.929389 0.644557 0.935751 0.648882 0.927481 0.66186 0.921756 0.658255
1 0.186387 0.822639 0.186387 0.829128 0.172392 0.829128 0.172392 0.822639
1 0.986641 0.462149 0.980916 0.46287 0.978372 0.450613 0.984097 0.449171
1 0.982824 0.484499 0.976463 0.485941 0.973919 0.471521 0.980916 0.470079
1 0.98028 0.467195 0.97201 0.469358 0.96883 0.452055 0.975827 0.44845
1 0.891858 0.538572 0.885496 0.542898 0.879771 0.529921 0.885496 0.527037
1 0.885496 0.523432 0.879771 0.526316 0.874682 0.511175 0.879771 0.509012
1 0.878499 0.527758 0.87341 0.530642 0.866412 0.515501 0.872774 0.512617
1 0.872137 0.627253 0.864504 0.62509 0.867684 0.607066 0.874046 0.607066
