1 0.0489845 0.792363 0.0471924 0.781623 0.0591398 0.77327 0.0609319 0.782816
1 0.188769 0.721957 0.188172 0.708831 0.203106 0.706444 0.203704 0.718377
1 0.0221027 0.946301 0.0191159 0.935561 0.0316607 0.922434 0.0334528 0.934368
1 0.781362 0.782816 0.780765 0.795943 0.768817 0.792363 0.768817 0.781623
1 0.462963 0.636038 0.468937 0.634845 0.468937 0.661098 0.464158 0.661098
1 0.620669 0.608592 0.61589 0.607399 0.614695 0.585919 0.620669 0.587112
1 0.58184 0.665871 0.575269 0.667064 0.576464 0.632458 0.582437 0.633652
1 0.614695 0.610979 0.621266 0.610979 0.620072 0.634845 0.614695 0.634845
1 0.613501 0.620525 0.607527 0.620525 0.608722 0.590692 0.614098 0.593079
1 0.599761 0.581146 0.605735 0.581146 0.605137 0.608592 0.600956 0.609785
1 0.389486 0.662291 0.396655 0.663484 0.394265 0.687351 0.388292 0.687351
1 0.681601 0.749403 0.678017 0.738663 0.687575 0.724344 0.691159 0.73389
1 0.0274791 0.959427 0.0238949 0.949881 0.0346476 0.934368 0.0376344 0.945107
1 0.437873 0.818616 0.432497 0.819809 0.431302 0.801909 0.436679 0.800716
1 0.535842 0.732697 0.535842 0.71957 0.551374 0.721957 0.550777 0.735084
1 0.458781 0.752983 0.458781 0.76253 0.439665 0.76253 0.439665 0.75179
1 0.405018 0.71957 0.406213 0.708831 0.421147 0.711217 0.421744 0.721957
1 0.345281 0.960621 0.350657 0.958234 0.352449 0.979714 0.347073 0.980907
1 0.293309 0.714797 0.293309 0.700477 0.305854 0.701671 0.306452 0.71599
1 0.265233 0.75179 0.265233 0.739857 0.280167 0.739857 0.27957 0.752983
1 0.320789 0.849642 0.314815 0.849642 0.31362 0.826969 0.319594 0.825776
