1 0.936202 0.696181 0.913947 0.678819 0.948071 0.623264 0.970326 0.642361
1 0.939169 0.838542 0.952522 0.873264 0.903561 0.90625 0.890208 0.869792
1 0.857567 0.230903 0.854599 0.206597 0.906528 0.197917 0.910979 0.222222
1 0.71365 0.546875 0.732938 0.53125 0.756677 0.590278 0.738872 0.605903
1 0.679525 0.567708 0.700297 0.550347 0.728487 0.611111 0.709199 0.623264
1 0.707715 0.631944 0.678042 0.649306 0.651335 0.585069 0.676558 0.567708
1 0.474777 0.689236 0.505935 0.666667 0.531157 0.727431 0.5 0.746528
1 0.850148 0.638889 0.863501 0.671875 0.811573 0.704861 0.793769 0.677083
1 0.885757 0.706597 0.896142 0.736111 0.853116 0.756944 0.838279 0.727431
1 0.908012 0.769097 0.924332 0.800347 0.87092 0.833333 0.856083 0.805556
1 0.922849 0.805556 0.937685 0.836806 0.888724 0.866319 0.873887 0.838542
1 0.761128 0.883681 0.734421 0.895833 0.710682 0.84375 0.732938 0.829861
1 0.948071 0.753472 0.9273 0.729167 0.962908 0.673611 0.986647 0.694444
1 0.70178 0.831597 0.676558 0.848958 0.648368 0.78125 0.672107 0.767361
1 0.72997 0.899306 0.700297 0.913194 0.676558 0.852431 0.70178 0.838542
1 0.61276 0.875 0.591988 0.885417 0.565282 0.828125 0.586053 0.8125
1 0.695846 0.913194 0.670623 0.930556 0.648368 0.873264 0.670623 0.855903
1 0.617211 0.881944 0.642433 0.864583 0.672107 0.930556 0.643917 0.942708
1 0.643917 0.944444 0.621662 0.956597 0.593472 0.899306 0.614243 0.887153
1 0.615727 0.961806 0.590504 0.979167 0.565282 0.921875 0.587537 0.904514
1 0.55638 0.907986 0.531157 0.925347 0.507418 0.864583 0.532641 0.850694
1 0.525223 0.935764 0.502967 0.947917 0.473294 0.888889 0.498516 0.871528
1 0.531157 0.927083 0.55638 0.913194 0.583086 0.977431 0.55638 0.991319
1 0.974777 0.784722 0.951039 0.763889 0.985163 0.708333 1.00148 0.730903
