1 0.933014 0.241689 0.938995 0.249775 0.915072 0.260557 0.906699 0.253369
1 0.967703 0.95867 0.967703 0.969452 0.940191 0.969452 0.938995 0.959569
1 0.450957 0.343217 0.438995 0.347709 0.42823 0.331536 0.440191 0.327044
1 0.624402 0.239892 0.636364 0.2354 0.647129 0.253369 0.636364 0.257862
1 0.614833 0.247978 0.626794 0.243486 0.635167 0.257862 0.624402 0.262354
1 0.656699 0.349506 0.660287 0.357592 0.639952 0.36478 0.633971 0.356694
1 0.409091 0.457323 0.40311 0.448338 0.425837 0.438455 0.433014 0.447439
0 0.278708 0.519317 0.287081 0.528302 0.235646 0.549865 0.228469 0.540881
1 0.147129 0.572327 0.151914 0.58221 0.124402 0.592992 0.118421 0.584007
1 0.251196 0.642408 0.239234 0.6469 0.22488 0.628032 0.236842 0.622642
1 0.238038 0.648697 0.229665 0.652291 0.216507 0.63522 0.22488 0.630728
1 0.51555 0.83558 0.529904 0.834681 0.532297 0.856244 0.516746 0.858041
