1 0.968102 0.041866 0.988836 0.0562201 0.950558 0.0933014 0.929825 0.0813397
1 0.304625 0.97488 0.287081 0.95933 0.323764 0.92823 0.341308 0.942584
1 0.130781 0.808612 0.154705 0.824163 0.119617 0.855263 0.0940989 0.840909
1 0.157895 0.827751 0.177033 0.840909 0.141946 0.873206 0.122807 0.86244
1 0.167464 0.888756 0.151515 0.875598 0.186603 0.843301 0.205742 0.856459
1 0.242424 0.87201 0.263158 0.888756 0.221691 0.922249 0.200957 0.907895
1 0.271132 0.955742 0.253589 0.942584 0.291866 0.912679 0.30941 0.925837
1 0.248804 0.938995 0.23126 0.927033 0.266348 0.897129 0.283892 0.910287
1 0.189793 0.912679 0.215311 0.930622 0.183413 0.95933 0.15949 0.944976
1 0.215311 0.860048 0.23445 0.874402 0.196172 0.905502 0.178628 0.893541
1 0.113238 0.79067 0.130781 0.805024 0.092504 0.839713 0.0717703 0.826555
1 0.0653907 0.837321 0.0813397 0.848086 0.0446571 0.882775 0.0271132 0.869617
1 0.125997 0.929426 0.106858 0.916268 0.145136 0.880383 0.165869 0.897129
1 0.0414673 0.754785 0.0606061 0.769139 0.0239234 0.801435 0.00318979 0.785885
1 0.196172 0.982057 0.178628 0.967703 0.215311 0.936603 0.236045 0.950957
1 0.23126 0.994019 0.212121 0.982057 0.244019 0.952153 0.264753 0.965311
1 0.325359 0.992823 0.30622 0.978469 0.342903 0.946172 0.362041 0.958134
1 0.092504 0.848086 0.113238 0.863636 0.0829346 0.893541 0.062201 0.880383
1 0.062201 0.76555 0.0861244 0.7811 0.0478469 0.813397 0.0255183 0.800239
