1 0.982971 0.607438 0.975402 0.622314 0.94702 0.609917 0.953642 0.595041
1 0.778619 0.799174 0.793756 0.804959 0.781457 0.833058 0.767266 0.827273
1 0.172185 0.814876 0.179754 0.804132 0.208136 0.818182 0.201514 0.829752
1 0.162725 0.868595 0.156102 0.880992 0.124882 0.867769 0.13245 0.856198
1 0.203406 0.887603 0.196783 0.9 0.162725 0.883471 0.170293 0.871901
1 0.412488 0.916529 0.418165 0.906612 0.453169 0.923967 0.447493 0.933884
1 0.326395 0.880165 0.332072 0.870248 0.363292 0.883471 0.357616 0.894215
1 0.685904 0.864463 0.670766 0.857851 0.685904 0.833884 0.700095 0.841322
1 0.811731 0.655372 0.796594 0.647934 0.813623 0.622314 0.828761 0.629752
1 0.86755 0.575207 0.852412 0.565289 0.868496 0.543802 0.882687 0.552893
1 0.891202 0.540496 0.877956 0.530579 0.895932 0.507438 0.909177 0.515702
1 0.761589 0.832231 0.777673 0.839669 0.762535 0.866116 0.746452 0.858678
