1 0.10203 0.378129 0.0994924 0.365613 0.120812 0.358366 0.12335 0.371542
1 0.101015 0.364295 0.0989848 0.352437 0.119797 0.345191 0.122335 0.35639
1 0.0345178 0.110013 0.0426396 0.111331 0.0395939 0.13834 0.0309645 0.137681
1 0.0639594 0.188406 0.0629442 0.175231 0.0832487 0.170619 0.0837563 0.182477
1 0.0142132 0.242424 0.00507614 0.23913 0.0116751 0.214756 0.0203046 0.218709
1 0.0786802 0.237813 0.0761421 0.224638 0.0964467 0.21805 0.0979695 0.230567
1 0.0964467 0.233202 0.0984772 0.247036 0.0786802 0.254282 0.0761421 0.241765
1 0.0903553 0.295784 0.0878173 0.283926 0.107107 0.275362 0.110152 0.287879
1 0.0969543 0.321476 0.0954315 0.309618 0.111675 0.305665 0.113706 0.317523
1 0.0517766 0.444664 0.0431472 0.442029 0.0472081 0.419631 0.0553299 0.422266
1 0.0609137 0.428854 0.0680203 0.431489 0.064467 0.45191 0.0568528 0.449275
1 0.394924 0.0289855 0.403046 0.0256917 0.408629 0.0507246 0.400508 0.0540184
