1 0.828375 0.746464 0.806636 0.743845 0.815789 0.727606 0.836384 0.730225
1 0.959954 0.144054 0.956522 0.153483 0.914188 0.147721 0.919908 0.138292
1 0.919908 0.646412 0.901602 0.643269 0.909611 0.627554 0.927918 0.630173
1 0.959954 0.582504 0.939359 0.578837 0.951945 0.559455 0.971396 0.563122
1 0.897025 0.650079 0.914188 0.652698 0.90389 0.668937 0.886728 0.666317
1 0.878719 0.682032 0.895881 0.684128 0.883295 0.702986 0.867277 0.700367
1 0.882151 0.870089 0.864989 0.866422 0.87643 0.852279 0.891304 0.855422
1 0.354691 0.0838135 0.351259 0.0921949 0.313501 0.0895757 0.316934 0.0811943
1 0.620137 0.116815 0.615561 0.12572 0.576659 0.120482 0.581236 0.112624
1 0.937071 0.583552 0.955378 0.585647 0.946224 0.601886 0.929062 0.59979
1 0.93135 0.625458 0.911899 0.623363 0.922197 0.605553 0.942792 0.608172
