1 0.961965 0.199833 0.967512 0.186455 0.994453 0.203177 0.986529 0.216555
1 0.307448 0.0359532 0.300317 0.048495 0.273376 0.0351171 0.27813 0.0200669
1 0.180666 0.0794314 0.163233 0.0702341 0.179081 0.0342809 0.197306 0.0434783
1 0.070523 0.173913 0.0649762 0.188963 0.0364501 0.178094 0.040412 0.162207
1 0.316165 0.0635452 0.312203 0.0769231 0.282092 0.0643813 0.287639 0.0510033
1 0.240887 0.298495 0.232964 0.312709 0.204437 0.299331 0.209192 0.283445
1 0.917591 0.199833 0.922345 0.185619 0.958796 0.204013 0.952456 0.218227
1 0.203645 0.305184 0.195721 0.31689 0.166403 0.295151 0.175911 0.282609
1 0.0348653 0.270903 0.0253566 0.283445 0.00158479 0.265886 0.00871632 0.252508
1 0.0356577 0.45903 0.0229794 0.452341 0.0348653 0.423913 0.048336 0.42893
1 0.133914 0.405518 0.139461 0.39214 0.16561 0.405518 0.160063 0.418896
1 0.0752773 0.488294 0.0697306 0.502508 0.0356577 0.486622 0.0412044 0.471572
1 0.0570523 0.520903 0.0507132 0.535117 0.0229794 0.519231 0.0293185 0.506689
1 0.09271 0.539298 0.0863708 0.552676 0.0554675 0.537625 0.0618067 0.523411
1 0.608558 0.917224 0.604596 0.932274 0.577655 0.919732 0.583994 0.906355
1 0.697306 0.824415 0.690967 0.839465 0.662441 0.824415 0.66878 0.810201
1 0.908082 0.886288 0.900951 0.902174 0.861331 0.880435 0.868463 0.865385
1 0.923138 0.698161 0.935816 0.690635 0.952456 0.714883 0.941363 0.72408
1 0.748811 0.551003 0.753566 0.538462 0.7813 0.552676 0.776545 0.56689
1 0.894612 0.328595 0.900158 0.315217 0.926307 0.331104 0.920761 0.343645
1 0.926307 0.344482 0.931854 0.332776 0.961173 0.349498 0.955626 0.36204
