1 0.128461 0.812717 0.111849 0.803468 0.129568 0.771098 0.145072 0.781503
1 0.266888 0.817341 0.246955 0.811561 0.261351 0.77341 0.281285 0.780347
1 0.344408 0.890173 0.359911 0.89711 0.344408 0.934104 0.328904 0.927168
1 0.427464 0.886705 0.445183 0.892486 0.434109 0.932948 0.417497 0.928324
1 0.401993 0.776879 0.418605 0.786127 0.400886 0.824277 0.383167 0.816185
1 0.566999 0.890173 0.584718 0.895954 0.570321 0.938728 0.554817 0.931792
1 0.679956 0.816185 0.679956 0.795376 0.72536 0.797688 0.724252 0.818497
1 0.62237 0.899422 0.638981 0.907514 0.62237 0.943353 0.607973 0.93526
1 0.674419 0.899422 0.688815 0.904046 0.674419 0.947977 0.660022 0.942197
1 0.317829 0.884393 0.337763 0.892486 0.320044 0.92948 0.301218 0.920231
1 0.785161 0.836994 0.769657 0.823121 0.792913 0.791908 0.809524 0.803468
1 0.856035 0.831214 0.837209 0.823121 0.851606 0.783815 0.869324 0.793064
1 0.883721 0.83237 0.863787 0.825434 0.877076 0.784971 0.895903 0.793064
