1 0.511096 0.982133 0.508406 0.990541 0.485541 0.985812 0.488231 0.977404
1 0.517821 0.968996 0.515131 0.978981 0.489576 0.974251 0.492266 0.964792
1 0.728985 0.125591 0.723605 0.116658 0.746469 0.106148 0.751177 0.115081
1 0.690652 0.131372 0.69536 0.139254 0.678547 0.147662 0.671822 0.139779
1 0.825824 0.14083 0.819099 0.132422 0.841291 0.121387 0.846671 0.130321
1 0.863484 0.144509 0.873571 0.139254 0.886348 0.156069 0.876261 0.160799
1 0.837929 0.201787 0.831876 0.19443 0.854741 0.183395 0.860121 0.191277
1 0.864156 0.242249 0.858104 0.233841 0.881641 0.223332 0.887693 0.232265
1 0.920646 0.269049 0.922663 0.278508 0.893073 0.283237 0.890383 0.274304
1 0.812374 0.327378 0.821116 0.335786 0.798252 0.35155 0.789509 0.344719
1 0.823134 0.339989 0.830531 0.347346 0.809684 0.362585 0.801614 0.355229
1 0.849361 0.361534 0.858104 0.370468 0.837256 0.385181 0.827841 0.377299
1 0.864156 0.37257 0.872898 0.378875 0.855414 0.396217 0.845999 0.390962
1 0.879623 0.378875 0.888366 0.38413 0.873571 0.398844 0.864829 0.393589
1 0.568258 0.777194 0.557498 0.782449 0.547411 0.766684 0.557498 0.761429
1 0.551446 0.779821 0.541358 0.785602 0.527909 0.770363 0.536651 0.764582
1 0.492266 0.813452 0.495629 0.803468 0.521184 0.81135 0.517149 0.819233
1 0.487559 0.822911 0.492939 0.814503 0.515131 0.82186 0.510424 0.829743
1 0.485541 0.84866 0.488231 0.840778 0.513786 0.845507 0.510424 0.853389
1 0.484869 0.866527 0.485541 0.858644 0.510424 0.859695 0.509079 0.869154
1 0.489576 0.926957 0.486214 0.936416 0.462677 0.932212 0.465367 0.924855
