1 0.796034 0.909836 0.795326 0.895264 0.820822 0.896175 0.820113 0.910747
0 0.361898 0.820583 0.359065 0.834244 0.328612 0.823315 0.331445 0.809654
0 0.322946 0.76867 0.325071 0.756831 0.354108 0.765938 0.351983 0.778689
1 0.288244 0.756831 0.290368 0.744991 0.314448 0.754098 0.311615 0.765938
1 0.25779 0.745902 0.261331 0.733151 0.284703 0.743169 0.28187 0.754098
1 0.029745 0.739526 0.0403683 0.74408 0.0325779 0.772313 0.0226629 0.76776
1 0.273371 0.790528 0.271246 0.802368 0.248584 0.794171 0.251416 0.783242
0 0.355524 0.781421 0.359065 0.76867 0.384561 0.777778 0.381728 0.791439
1 0.521955 0.842441 0.524788 0.82878 0.550283 0.836976 0.546742 0.850638
1 0.389518 0.795993 0.393059 0.783242 0.418555 0.79326 0.415014 0.806922
1 0.636686 0.882514 0.638102 0.868852 0.662181 0.874317 0.660057 0.8898
1 0.0318697 0.855191 0.0283286 0.872495 0.00141643 0.86612 0.00354108 0.847905
1 0.459632 0.819672 0.461756 0.8051 0.48796 0.814208 0.485127 0.82969
1 0.421388 0.8051 0.424221 0.790528 0.449717 0.800546 0.446176 0.815118
1 0.388102 0.82969 0.385269 0.846084 0.359773 0.835155 0.364023 0.820583
1 0.0516997 0.823315 0.0467422 0.836976 0.0226629 0.825137 0.0276204 0.811475
1 0.930595 0.919854 0.929178 0.908015 0.951841 0.903461 0.953258 0.91439
1 0.907932 0.935337 0.90864 0.947177 0.885977 0.949909 0.884561 0.93898
1 0.86898 0.911658 0.869688 0.897086 0.893768 0.895264 0.894476 0.909836
1 0.826487 0.932605 0.826487 0.918944 0.850567 0.918033 0.850567 0.931694
1 0.764873 0.908015 0.766289 0.895264 0.791076 0.897086 0.790368 0.910747
1 0.669263 0.912568 0.67068 0.897996 0.696176 0.905282 0.694759 0.918033
1 0.667847 0.891621 0.669263 0.878871 0.693343 0.885246 0.691926 0.897086
1 0.58711 0.865209 0.590652 0.852459 0.613314 0.862477 0.609773 0.874317
1 0.560907 0.856102 0.563739 0.845173 0.584986 0.85337 0.582861 0.864299
1 0.45255 0.857013 0.449717 0.867031 0.429178 0.858834 0.432011 0.847905
1 0.478754 0.865209 0.476629 0.87796 0.453258 0.868852 0.456091 0.857013
