1 0.244928 0.81448 0.255797 0.820814 0.244203 0.850679 0.234058 0.845249
1 0.173188 0.776471 0.185507 0.784615 0.174638 0.81448 0.163768 0.80905
1 0.0608696 0.550226 0.0666667 0.534842 0.0949275 0.552036 0.0898551 0.566516
1 0.10942 0.746606 0.121739 0.753846 0.10942 0.784615 0.0985507 0.778281
1 0.128261 0.753846 0.14058 0.761991 0.128986 0.791855 0.117391 0.78552
1 0.144203 0.761991 0.155797 0.768326 0.144203 0.8 0.133333 0.793665
1 0.15942 0.771041 0.17029 0.777376 0.15942 0.80905 0.148551 0.802715
1 0.456522 0.968326 0.453623 0.98552 0.423913 0.972851 0.428986 0.956561
1 0.389855 0.563801 0.394928 0.548416 0.415217 0.561991 0.410145 0.574661
0 0.341304 0.296833 0.347101 0.276923 0.388406 0.298643 0.382609 0.314932
