1 0.047729 0.754727 0.052348 0.765756 0.0230947 0.771008 0.0169361 0.761029
1 0.0338722 0.122899 0.0377213 0.131828 0.0107775 0.13813 0.00615858 0.129727
1 0.86913 0.0540966 0.854503 0.0593487 0.842956 0.0409664 0.856043 0.0367647
1 0.00153965 0.46271 0.00615858 0.453782 0.0323326 0.462185 0.026174 0.470063
1 0.000769823 0.451681 0.00538876 0.444328 0.0238645 0.450105 0.0192456 0.457458
1 0.073903 0.739496 0.0685142 0.730042 0.095458 0.724265 0.0985373 0.732668
1 0.137798 0.71166 0.142417 0.720588 0.118553 0.726891 0.113164 0.719013
1 0.143187 0.705357 0.13164 0.709034 0.123941 0.695903 0.135489 0.692752
1 0.161663 0.753676 0.150115 0.756828 0.141647 0.740546 0.152425 0.737395
1 0.0908391 0.747374 0.095458 0.756828 0.0731332 0.761555 0.0700539 0.753151
1 0.340262 0.0535714 0.344881 0.0630252 0.322556 0.0677521 0.316397 0.0593487
1 0.209392 0.0940126 0.203233 0.0856092 0.230177 0.0782563 0.234796 0.0861345
1 0.357198 0.0110294 0.360277 0.0194328 0.335643 0.0246849 0.330254 0.0168067
1 0.307159 0.032563 0.30331 0.0236345 0.324865 0.0183824 0.329484 0.0252101
1 0.280985 0.0378151 0.274057 0.029937 0.297152 0.0236345 0.301001 0.032563
1 0.252502 0.0441176 0.247883 0.0357143 0.270978 0.029937 0.275597 0.0388655
1 0.227098 0.0509454 0.221709 0.0420168 0.241724 0.0362395 0.247113 0.0456933
1 0.308699 0.0456933 0.311008 0.0551471 0.286374 0.0582983 0.283295 0.0488445
1 0.423403 0.0346639 0.426482 0.042542 0.404157 0.0472689 0.401078 0.0388655
1 0.0692841 0.113971 0.0731332 0.122899 0.047729 0.130252 0.0423403 0.121849
1 0.201694 0.0840336 0.205543 0.0929622 0.180908 0.0992647 0.177059 0.0908613
1 0.17475 0.0903361 0.179369 0.0987395 0.155504 0.104517 0.152425 0.0966387
1 0.0993072 0.107143 0.103156 0.116597 0.073903 0.123424 0.0692841 0.114496
1 0.123941 0.102416 0.127791 0.110819 0.104696 0.116597 0.100847 0.108193
1 0.150115 0.0966387 0.152425 0.104517 0.13164 0.110294 0.126251 0.102416
