1 0.735646 0.328889 0.751196 0.324444 0.767943 0.342857 0.753589 0.347937
1 0.630383 0.0234921 0.636364 0.031746 0.600478 0.0406349 0.593301 0.0330159
1 0.48445 0.0273016 0.489234 0.0368254 0.449761 0.0412698 0.44378 0.0311111
1 0.941388 0.564444 0.95933 0.56 0.979665 0.580317 0.961722 0.585397
1 0.819378 0.427937 0.834928 0.423492 0.852871 0.44254 0.838517 0.447619
1 0.727273 0.210794 0.710526 0.215238 0.694976 0.196825 0.710526 0.191746
1 0.717703 0.187302 0.73445 0.182857 0.748804 0.201905 0.73445 0.205714
1 0.429426 0.0622222 0.422249 0.0736508 0.379187 0.064127 0.385167 0.0526984
1 0.759569 0.354921 0.772727 0.351111 0.79067 0.370794 0.778708 0.374603
1 0.70933 0.371429 0.69378 0.375238 0.674641 0.354286 0.688995 0.350476
1 0.683014 0.344762 0.66866 0.348571 0.651914 0.330159 0.665072 0.326984
