1 1.00143 0.972578 1.00143 0.998172 0.952857 0.998172 0.952857 0.972578
1 0.811429 0.904936 0.812857 0.879342 0.867143 0.88117 0.864286 0.906764
1 0.104286 0.936015 0.1 0.967093 0.0471429 0.965265 0.0514286 0.93053
1 0.165714 0.943327 0.157143 0.976234 0.11 0.961609 0.115714 0.928702
1 0.225714 0.95064 0.222857 0.983547 0.171429 0.976234 0.175714 0.943327
1 0.0428571 0.840951 0.0428571 0.8117 0.0942857 0.817185 0.0914286 0.846435
1 0.307143 0.850091 0.308571 0.820841 0.348571 0.824497 0.347143 0.853748
1 0.517143 0.86106 0.518571 0.83181 0.568571 0.835466 0.565714 0.866545
1 0.437143 0.857404 0.438571 0.829982 0.487143 0.833638 0.485714 0.862888
1 0.382857 0.908592 0.381429 0.941499 0.331429 0.937843 0.334286 0.903108
