1 0.792329 0.980321 0.797474 0.969388 0.812442 0.987609 0.807764 0.997813
1 0.579514 0.79519 0.574369 0.809038 0.558934 0.793732 0.564079 0.780612
1 0.0519177 0.521866 0.0439663 0.528426 0.0350795 0.498542 0.0425631 0.492711
1 0.313845 0.496356 0.318054 0.484694 0.337699 0.504373 0.333022 0.514577
1 0.412535 0.698251 0.415341 0.71137 0.398971 0.720845 0.395229 0.708455
1 0.601029 0.814869 0.596819 0.827259 0.575772 0.809767 0.580449 0.796647
1 0.62348 0.836735 0.61927 0.847668 0.601029 0.827259 0.606642 0.815598
1 0.494855 0.849854 0.501403 0.858601 0.491113 0.881924 0.484565 0.875364
1 0.661366 0.87828 0.656688 0.887026 0.643124 0.869534 0.647802 0.859329
1 0.761927 0.946793 0.76754 0.93586 0.780636 0.953353 0.775023 0.963557
1 0.755379 0.985423 0.750234 0.997085 0.737138 0.98105 0.742283 0.969388
1 0.0327409 0.369534 0.0271282 0.364431 0.0332086 0.343294 0.0392891 0.347668
1 0.0799813 0.55102 0.0724977 0.55758 0.0654818 0.532799 0.0720299 0.528426
1 0.102432 0.630466 0.0954163 0.63484 0.0893358 0.612245 0.0972872 0.607872
1 0.107109 0.672741 0.113658 0.66691 0.121141 0.690962 0.114593 0.696064
1 0.128625 0.720117 0.122077 0.725219 0.115996 0.704082 0.122544 0.69898
1 0.127222 0.87172 0.125351 0.883382 0.109448 0.876822 0.111787 0.863703
1 0.236202 0.793732 0.240879 0.805394 0.226848 0.819971 0.222638 0.808309
1 0.369036 0.697522 0.371843 0.710641 0.357343 0.722303 0.352666 0.709913
1 0.332554 0.725219 0.337231 0.739796 0.316183 0.755831 0.311038 0.741254
1 0.300281 0.521866 0.304022 0.510933 0.31899 0.524052 0.315716 0.534257
1 0.27783 0.485423 0.27362 0.498542 0.256314 0.483236 0.260992 0.469388
1 0.418616 0.603499 0.42189 0.591837 0.436389 0.605685 0.433115 0.615889
1 0.393358 0.579446 0.396632 0.567055 0.4116 0.582362 0.40739 0.593294
1 0.340505 0.62172 0.333022 0.61516 0.340973 0.593294 0.348457 0.598397
1 0.341441 0.677114 0.337699 0.666181 0.353134 0.65379 0.35594 0.664723
1 0.0238541 0.252187 0.0322732 0.252187 0.0299345 0.279155 0.0215154 0.277697
1 0.0565949 0.26312 0.059869 0.252915 0.0776427 0.268222 0.0734331 0.278426
1 0.0519177 0.311953 0.0584659 0.322886 0.0434986 0.344023 0.0378859 0.333819
1 0.025725 0.372449 0.0336763 0.372449 0.0332086 0.399417 0.025725 0.398688
1 0.147334 0.344023 0.151543 0.333819 0.16464 0.348397 0.159963 0.357143
1 0.193171 0.387026 0.196913 0.376093 0.210477 0.390671 0.206268 0.399417
1 0.192703 0.405248 0.188494 0.418367 0.172591 0.403061 0.177268 0.391399
1 0.0570627 0.548834 0.0500468 0.554665 0.0434986 0.530612 0.0505145 0.524781
1 0.18522 0.848397 0.186623 0.863703 0.169317 0.868076 0.167914 0.854956
1 0.161833 0.895044 0.157624 0.907434 0.139383 0.892857 0.14406 0.880466
1 0.24696 0.844023 0.248831 0.857143 0.23246 0.866618 0.229654 0.854956
1 0.257717 0.780612 0.260992 0.794461 0.245089 0.804665 0.241815 0.790816
1 0.226848 0.764577 0.223106 0.752187 0.238073 0.741983 0.240879 0.754373
1 0.245089 0.748542 0.242283 0.73688 0.256782 0.725948 0.260524 0.739067
1 0.262862 0.734694 0.260524 0.72449 0.276427 0.713557 0.278765 0.725219
1 0.287652 0.71793 0.285313 0.704082 0.305426 0.690962 0.307764 0.703353
