1 0.5193 0.932605 0.513269 0.945355 0.492159 0.923497 0.498191 0.910747
1 0.189988 0.587432 0.183957 0.602004 0.162244 0.583789 0.168878 0.569217
1 0.460193 0.904372 0.455368 0.917122 0.433052 0.898907 0.43848 0.885246
1 0.329916 0.806011 0.334741 0.791439 0.354041 0.809654 0.349819 0.822404
1 0.220748 0.87796 0.211098 0.867031 0.222557 0.839709 0.231604 0.847905
1 0.196019 0.875228 0.186369 0.864299 0.198432 0.838798 0.206876 0.846995
1 0.306996 0.76867 0.302171 0.782332 0.28468 0.764117 0.289505 0.752277
1 0.290712 0.695811 0.295537 0.68306 0.314837 0.702186 0.310615 0.714936
1 0.242461 0.649362 0.247889 0.636612 0.266586 0.657559 0.260555 0.67122
1 0.216526 0.687614 0.210495 0.700364 0.19421 0.682149 0.199638 0.669399
1 0.147768 0.620219 0.14234 0.634791 0.120627 0.612022 0.127262 0.596539
1 0.0597105 0.539162 0.053076 0.554645 0.0301568 0.532787 0.0386007 0.517304
