1 0.423402 0.697632 0.427021 0.686703 0.443305 0.700364 0.439686 0.711293
1 0.0838359 0.538251 0.0747889 0.531876 0.0832328 0.502732 0.0916767 0.506375
1 0.0657419 0.424408 0.0603136 0.438069 0.0404101 0.422587 0.0452352 0.408015
1 0.601327 0.983607 0.59228 0.991803 0.580217 0.965392 0.589867 0.956284
1 0.525935 0.867942 0.533172 0.859745 0.548854 0.884335 0.541013 0.893443
1 0.0313631 0.711293 0.0199035 0.703097 0.0319662 0.663024 0.0434258 0.67031
1 0.066345 0.679417 0.0554885 0.673042 0.0651387 0.638434 0.0759952 0.644809
1 0.0772014 0.642077 0.0645356 0.632058 0.0765983 0.599271 0.0880579 0.607468
1 0.179735 0.526412 0.173703 0.542805 0.155006 0.527322 0.160434 0.51184
1 0.113993 0.51184 0.102533 0.51275 0.103136 0.477231 0.115199 0.476321
1 0.524125 0.790528 0.530157 0.775956 0.55006 0.796903 0.544632 0.810565
1 0.473462 0.745902 0.47889 0.73224 0.500603 0.752277 0.495175 0.765027
1 0.399276 0.659381 0.395657 0.673042 0.379373 0.659381 0.383595 0.644809
1 0.294934 0.638434 0.288902 0.652095 0.268396 0.629326 0.275633 0.614754
1 0.224367 0.521858 0.230398 0.506375 0.252714 0.527322 0.246683 0.542805
