1 0.07102 0.649208 0.0786463 0.65408 0.0719733 0.67296 0.064347 0.669306
1 0.0400381 0.637028 0.0481411 0.642509 0.0405148 0.663825 0.0319352 0.657734
1 0.744519 0.0535932 0.735939 0.0535932 0.734986 0.0267966 0.743089 0.0267966
1 0.745472 0.0274056 0.753575 0.0267966 0.752145 0.0505481 0.744042 0.0493301
1 0.417541 0.0499391 0.408484 0.0493301 0.409914 0.0249695 0.418017 0.0255786
1 0.298379 0.158952 0.305529 0.163216 0.296949 0.188185 0.2898 0.183313
1 0.195424 0.04324 0.201144 0.0535932 0.183031 0.0712546 0.176835 0.0621194
1 0.229743 0.0621194 0.234032 0.0706456 0.220686 0.0846529 0.214967 0.0773447
1 0.239276 0.0676005 0.244995 0.0755177 0.231173 0.088916 0.225929 0.0822168
1 0.249762 0.0724726 0.255481 0.0822168 0.236892 0.0998782 0.231173 0.091352
1 0.262631 0.0797808 0.266921 0.0883069 0.252622 0.101096 0.247855 0.0937881
1 0.196378 0.1419 0.186845 0.138246 0.192564 0.115713 0.202097 0.118758
1 0.185415 0.0383678 0.190181 0.0481121 0.175882 0.0621194 0.170639 0.0523752
0 0.476168 0.0493301 0.466158 0.0493301 0.465205 0.0243605 0.475691 0.0237515
1 0.673499 0.0535932 0.664919 0.0535932 0.664442 0.0249695 0.673975 0.0249695
1 0.810772 0.0596833 0.802669 0.0566382 0.807436 0.0359318 0.816015 0.0389769
1 0.963775 0.0091352 0.967112 0.0194884 0.952336 0.0280146 0.948522 0.0170524
1 0.78265 0.0548112 0.773117 0.0523752 0.7755 0.0310597 0.784557 0.0328867
1 0.987607 0.372716 0.983317 0.36419 0.998093 0.353228 1.00048 0.362972
1 0.972355 0.889769 0.974261 0.879415 0.991897 0.885505 0.989514 0.895859
1 0.947092 0.977467 0.951382 0.966504 0.967588 0.976857 0.963775 0.988429
1 0.330791 0.989647 0.323165 0.985993 0.328885 0.96285 0.336511 0.966504
1 0.318875 0.961632 0.326025 0.965286 0.321258 0.987211 0.313632 0.983557
1 0.132031 0.933009 0.124881 0.926309 0.13346 0.903776 0.141087 0.910475
1 0.112488 0.911693 0.104862 0.905603 0.114871 0.884287 0.122498 0.890987
1 0.166826 0.855664 0.173975 0.860536 0.164442 0.88246 0.156816 0.877588
1 0.0657769 0.747868 0.0595806 0.736297 0.0762631 0.721681 0.0815062 0.731425
1 0.0290753 0.721681 0.0243089 0.711937 0.0371783 0.699147 0.0419447 0.708892
1 0.724023 0.0554202 0.715443 0.0554202 0.714013 0.0316687 0.722593 0.0310597
1 0.93327 0.22229 0.929457 0.213155 0.946139 0.204629 0.948999 0.214373
1 0.338894 0.968331 0.34652 0.972594 0.339847 0.994519 0.332221 0.990865
1 0.0614871 0.863581 0.0548141 0.857491 0.064347 0.839829 0.0719733 0.845311
1 0.0610105 0.64799 0.0681602 0.652253 0.0605338 0.673569 0.0533842 0.668697
1 0.049571 0.645554 0.0567207 0.649817 0.0505243 0.66687 0.0438513 0.662607
1 0.0376549 0.728989 0.0328885 0.718027 0.0486177 0.704019 0.0538608 0.713155
1 0.0171592 0.687576 0.0224023 0.697929 0.00524309 0.715591 0.000476644 0.706456
1 0.0209724 0.832521 0.013346 0.825822 0.0238322 0.806334 0.0314585 0.813642
