1 0.117359 0.624863 0.111247 0.635268 0.0611247 0.627601 0.0684597 0.618291
1 0.160147 0.531216 0.157702 0.541621 0.116137 0.538335 0.117359 0.529025
1 0.168704 0.45345 0.169927 0.463855 0.124694 0.464403 0.124694 0.454545
1 0.166259 0.438664 0.167482 0.450164 0.117359 0.451807 0.114914 0.441402
1 0.00488998 0.454545 0.00488998 0.444688 0.0464548 0.44195 0.0452323 0.451807
1 0.107579 0.324206 0.114914 0.334064 0.0782396 0.340635 0.0709046 0.331873
1 0.0660147 0.331325 0.0562347 0.32092 0.106357 0.31161 0.113692 0.32092
1 0.0244499 0.303395 0.0158924 0.295181 0.0745721 0.28368 0.0806846 0.29299
1 0.0452323 0.60241 0.0232274 0.599124 0.0342298 0.580504 0.0562347 0.583242
1 0.158924 0.544907 0.156479 0.553122 0.118582 0.551479 0.122249 0.542169
1 0.163814 0.427163 0.166259 0.438116 0.114914 0.441402 0.113692 0.430997
1 0.112469 0.336802 0.119804 0.344469 0.0831296 0.352136 0.0757946 0.344469
1 0.0232274 0.2908 0.0158924 0.282037 0.0562347 0.273275 0.0647922 0.282037
