1 0.539947 0.0331797 0.545215 0.0184332 0.575944 0.0313364 0.569798 0.0442396
1 0.940299 0.223963 0.928885 0.231336 0.911326 0.203687 0.925373 0.196313
1 0.156277 0.82212 0.163301 0.839631 0.132572 0.861751 0.122037 0.845161
1 0.0869183 0.498618 0.071993 0.509677 0.0456541 0.472811 0.0597015 0.459908
1 0.116769 0.498618 0.129061 0.488479 0.149254 0.517051 0.136962 0.526267
1 0.13784 0.527189 0.149254 0.516129 0.165935 0.543779 0.152766 0.552074
1 0.112379 0.541014 0.0992098 0.549309 0.0807726 0.520737 0.0939421 0.510599
1 0.173837 0.632258 0.160667 0.64424 0.145742 0.619355 0.158911 0.609217
1 0.226514 0.705069 0.212467 0.717051 0.192274 0.687558 0.204565 0.678341
1 0.240562 0.699539 0.253731 0.699539 0.258121 0.733641 0.244074 0.733641
1 0.316067 0.670968 0.324846 0.683871 0.302897 0.703226 0.29324 0.691244
1 0.32748 0.691244 0.335382 0.705069 0.312555 0.724424 0.302897 0.712442
1 0.191396 0.795392 0.199298 0.811982 0.173837 0.828571 0.164179 0.812903
1 0.832309 0.407373 0.841967 0.4 0.858648 0.424885 0.84899 0.43318
1 0.320457 0.801843 0.332748 0.791705 0.352941 0.82212 0.34065 0.830415
1 0.321335 0.850691 0.309043 0.860829 0.287972 0.83318 0.300263 0.823963
1 0.350307 0.895853 0.338016 0.906912 0.318701 0.878341 0.33187 0.867281
1 0.373134 0.929032 0.362599 0.939171 0.344162 0.916129 0.354697 0.904147
0 0.947322 0.401843 0.957858 0.41659 0.928007 0.441475 0.916594 0.425806
1 0.841967 0.392627 0.830553 0.401843 0.81036 0.376037 0.822651 0.36682
1 0.722564 0.101382 0.726953 0.083871 0.76295 0.0967742 0.75856 0.112442
1 0.950834 0.181567 0.953468 0.16682 0.987709 0.176959 0.985075 0.192627
1 0.856014 0.203687 0.844601 0.211982 0.827041 0.185253 0.839333 0.175115
1 0.0535558 0.448848 0.0377524 0.459908 0.0219491 0.432258 0.0368745 0.42212
1 0.817384 0.518894 0.808604 0.505069 0.834943 0.485714 0.841967 0.499539
1 0.976295 0.379724 0.985953 0.395392 0.960492 0.413825 0.951712 0.4
1 0.654083 0.0737327 0.65935 0.0580645 0.690957 0.0700461 0.686567 0.083871
1 0.693591 0.15576 0.70676 0.146544 0.726076 0.184332 0.714662 0.193548
1 0.867428 0.151152 0.871817 0.138249 0.899034 0.148387 0.895522 0.162212
1 0.727831 0.226728 0.718174 0.235023 0.695347 0.202765 0.70676 0.19447
1 0.741001 0.271889 0.75417 0.261751 0.773486 0.294009 0.760316 0.302304
1 0.798068 0.327189 0.786655 0.338249 0.762072 0.303226 0.774363 0.292166
