1 0.555247 0.510328 0.56706 0.518834 0.557331 0.560146 0.545518 0.55164
1 0.919388 0.857837 0.922168 0.838396 0.952745 0.856622 0.949965 0.878493
1 0.201529 0.646416 0.209868 0.665857 0.18624 0.697448 0.177206 0.678007
1 0.019458 0.396112 0.0291869 0.385176 0.0430855 0.420413 0.0347464 0.431349
1 0.116053 0.712029 0.104934 0.72418 0.0882557 0.685298 0.0986796 0.670717
1 0.209868 0.878493 0.218902 0.866343 0.232801 0.902795 0.224461 0.912515
1 0.216122 0.963548 0.207088 0.975699 0.19458 0.940462 0.204309 0.929526
1 0.863099 0.826245 0.867964 0.803159 0.891591 0.821385 0.888812 0.842041
1 0.769979 0.767922 0.772759 0.749696 0.799166 0.764277 0.794302 0.784933
1 0.61501 0.670717 0.61918 0.653706 0.646282 0.670717 0.642113 0.688943
1 0.895066 0.940462 0.90688 0.927096 0.922863 0.978129 0.911744 0.989064
1 0.085476 0.523694 0.0750521 0.53706 0.0611536 0.499392 0.0722724 0.487242
1 0.24253 0.953827 0.251564 0.941677 0.271022 0.987849 0.261987 1.00122
