1 0.799254 0.856406 0.80174 0.868925 0.780609 0.876289 0.777502 0.864507
1 0.775637 0.902062 0.786824 0.899853 0.790553 0.927099 0.779366 0.929308
1 0.963331 0.00736377 0.965196 0.0184094 0.942822 0.0235641 0.939714 0.0132548
1 0.96706 0.0346097 0.968925 0.0456554 0.945929 0.0500736 0.943443 0.0397644
1 0.915475 0.078056 0.926663 0.0758468 0.930392 0.103829 0.920447 0.105302
1 0.975761 0.0891016 0.977626 0.100884 0.952766 0.105302 0.951523 0.0942563
1 0.971411 0.0633284 0.973897 0.0743741 0.952766 0.078056 0.95028 0.0677467
1 0.981976 0.134021 0.983219 0.14433 0.963953 0.145803 0.96271 0.136966
1 0.984462 0.175994 0.986327 0.18704 0.965196 0.192194 0.96271 0.181885
1 0.92542 0.199558 0.916718 0.201031 0.912989 0.173049 0.92169 0.170839
1 0.0205096 0.561119 0.00932256 0.564801 0.00497203 0.539028 0.0155376 0.535346
1 0.0323182 0.695876 0.0428838 0.693667 0.0447483 0.720177 0.0354257 0.721649
1 0.0522063 0.777614 0.0422623 0.779823 0.0397763 0.753314 0.0497203 0.750368
1 0.081417 0.905007 0.083903 0.918999 0.0590429 0.926362 0.0565569 0.912371
1 0.963331 0.0213549 0.965196 0.0338733 0.944686 0.0382916 0.9422 0.0257732
1 0.90926 0.0802651 0.898073 0.0824742 0.894966 0.0581738 0.906153 0.0559647
1 0.972032 0.044919 0.973897 0.0581738 0.95028 0.0633284 0.946551 0.05081
1 0.668738 0.000736377 0.670603 0.0125184 0.650093 0.0184094 0.648229 0.00736377
1 0.670603 0.0139912 0.671846 0.0257732 0.650715 0.0301915 0.649472 0.017673
1 0.707893 0.0213549 0.705407 0.00810015 0.729646 0.00147275 0.732132 0.0147275
1 0.977626 0.104566 0.97949 0.118557 0.959602 0.124448 0.956495 0.111193
1 0.984462 0.14433 0.986327 0.158321 0.964574 0.162003 0.96271 0.148748
1 0.989434 0.891016 0.99192 0.905007 0.976383 0.909426 0.972654 0.897644
