1 0.930524 0.0784314 0.91344 0.0737628 0.921412 0.0401494 0.940774 0.0429505
1 0.917995 0.126984 0.897494 0.123249 0.911162 0.0849673 0.928246 0.0896359
1 0.879271 0.323996 0.862187 0.321195 0.866743 0.287582 0.883827 0.290383
1 0.873576 0.373483 0.856492 0.371615 0.859909 0.336134 0.876993 0.338002
1 0.870159 0.421102 0.854214 0.420168 0.855353 0.388422 0.872437 0.388422
1 0.892938 0.550887 0.873576 0.549953 0.874715 0.510738 0.892938 0.511671
1 0.912301 0.575163 0.930524 0.575163 0.931663 0.607843 0.91344 0.606909
1 0.892938 0.812325 0.876993 0.815126 0.870159 0.782446 0.886105 0.780579
1 0.88041 0.727358 0.862187 0.727358 0.85877 0.690009 0.875854 0.689076
1 0.928246 0.955182 0.911162 0.957983 0.900911 0.92437 0.917995 0.921569
0 0.103645 0.492997 0.112756 0.509804 0.0694761 0.522876 0.0615034 0.507937
1 0.384966 0.931839 0.3918 0.946779 0.348519 0.962652 0.340547 0.948646
1 0.892938 0.256769 0.873576 0.255836 0.876993 0.219421 0.895216 0.221289
1 0.897494 0.214753 0.88041 0.212885 0.886105 0.179272 0.904328 0.182073
