1 0.826941 0.834695 0.841908 0.834695 0.840037 0.857951 0.827877 0.857322
1 0.0467727 0.140163 0.0626754 0.140163 0.0626754 0.165933 0.0467727 0.166562
1 0.899906 0.945317 0.884939 0.94406 0.88681 0.921433 0.899906 0.922062
1 0.935454 0.91829 0.921422 0.917662 0.922357 0.896292 0.937325 0.896292
1 0.954163 0.917033 0.940131 0.915776 0.941066 0.894406 0.956034 0.894406
1 0.904584 0.917662 0.887746 0.917033 0.888681 0.89252 0.904584 0.893777
1 0.0187091 0.626021 0.0327409 0.626021 0.03087 0.64802 0.0168382 0.64802
1 0.0187091 0.602766 0.0336763 0.602766 0.0318054 0.624764 0.0177736 0.624764
1 0.0215154 0.57951 0.0364827 0.580138 0.0336763 0.60088 0.0187091 0.600251
1 0.0280636 0.4978 0.0420954 0.498429 0.0392891 0.521684 0.0261927 0.521684
1 0.03087 0.440603 0.0458372 0.440603 0.0439663 0.465116 0.0299345 0.465745
1 0.0327409 0.387178 0.0486436 0.387178 0.0458372 0.409805 0.03087 0.409177
1 0.0364827 0.340038 0.0505145 0.340038 0.049579 0.360779 0.0346118 0.360779
1 0.0430309 0.234444 0.0579981 0.234444 0.0570627 0.255185 0.0430309 0.255185
1 0.0439663 0.208045 0.0589336 0.208045 0.0570627 0.230673 0.0420954 0.230044
1 0.0486436 0.106851 0.0626754 0.10748 0.0617399 0.131364 0.0477081 0.131364
1 0.842844 0.837838 0.857811 0.838466 0.857811 0.861094 0.842844 0.859837
1 0.049579 0.0817096 0.0645463 0.0823382 0.0617399 0.104965 0.0467727 0.104337
1 0.947615 0.838466 0.963517 0.839723 0.960711 0.861722 0.947615 0.861722
1 0.966324 0.839095 0.983162 0.839095 0.984097 0.863608 0.968195 0.863608
1 0.932647 0.838466 0.944808 0.838466 0.942937 0.860465 0.931712 0.859837
1 0.881197 0.837209 0.896165 0.837838 0.895229 0.859837 0.881197 0.859208
1 0.861553 0.835952 0.878391 0.835952 0.877456 0.861094 0.860617 0.859837
1 0.913003 0.859208 0.8971 0.857951 0.8971 0.838466 0.913938 0.838466
1 0.915809 0.839723 0.930776 0.839723 0.930776 0.860465 0.914874 0.859837
1 0.972872 0.923319 0.985968 0.92269 0.987839 0.94406 0.975678 0.94406
1 0.98971 0.916405 0.972872 0.915148 0.973807 0.893777 0.991581 0.895035
1 0.971936 0.915776 0.957905 0.915148 0.956969 0.895035 0.971001 0.895663
1 0.921422 0.916405 0.906455 0.915776 0.90739 0.895663 0.922357 0.896292
1 0.865295 0.913262 0.852198 0.912634 0.852198 0.893149 0.867166 0.893149
1 0.884004 0.915148 0.869972 0.913891 0.870907 0.89252 0.88681 0.893777
1 0.922357 0.920805 0.936389 0.922062 0.936389 0.942175 0.920486 0.940918
1 0.902713 0.921433 0.922357 0.92269 0.919551 0.943432 0.902713 0.942803
1 0.867166 0.943432 0.850327 0.942175 0.850327 0.921433 0.86623 0.921433
1 0.849392 0.942803 0.833489 0.943432 0.83536 0.920176 0.850327 0.920805
1 0.00187091 0.930861 0.0177736 0.930861 0.0168382 0.954745 0.00187091 0.953488
1 0.00467727 0.896292 0.0196445 0.89692 0.0168382 0.918919 0.00187091 0.917662
1 0.0159027 0.690761 0.0289991 0.690761 0.0280636 0.710874 0.0159027 0.710245
1 0.0159027 0.651791 0.0327409 0.653048 0.0299345 0.680704 0.0149673 0.679447
1 0.0224509 0.553111 0.0374181 0.55374 0.0346118 0.576367 0.0215154 0.575739
1 0.0243218 0.522313 0.0402245 0.522313 0.0374181 0.548083 0.0224509 0.547454
1 0.0327409 0.410434 0.0486436 0.411691 0.0449018 0.436204 0.0280636 0.434947
1 0.0336763 0.362036 0.05145 0.361408 0.0486436 0.383407 0.0346118 0.384035
1 0.0374181 0.313011 0.0542563 0.313011 0.05145 0.335009 0.0346118 0.335009
1 0.0402245 0.282212 0.0570627 0.282841 0.0533209 0.306097 0.0374181 0.305468
1 0.0430309 0.258957 0.0589336 0.259585 0.0561272 0.280327 0.0402245 0.279698
1 0.0458372 0.175361 0.0617399 0.176618 0.0589336 0.200503 0.0449018 0.199874
1 0.05145 0.052797 0.0682881 0.052797 0.0664172 0.0779384 0.049579 0.0773099
1 0.0561272 0.0213702 0.0710945 0.0219987 0.0673527 0.0439975 0.0523854 0.0427404
