1 0.976321 0.786477 0.986642 0.784342 0.990285 0.812811 0.981178 0.814235
1 0.145112 0.994306 0.137826 1 0.124469 0.985765 0.131148 0.977936
1 0.0085003 0.627046 0.0151791 0.619929 0.0291439 0.637722 0.0224651 0.64484
1 0.0400729 0.812811 0.0467517 0.805694 0.0619308 0.822064 0.0564663 0.829893
1 0.0133576 0.785765 0.0188221 0.779359 0.0340012 0.797153 0.0279296 0.804982
1 0.0412872 0.874021 0.0352155 0.881851 0.0200364 0.86548 0.0273224 0.85694
1 0.0837887 0.86121 0.0898604 0.854093 0.106254 0.871886 0.100789 0.879715
1 0.104432 0.884698 0.110504 0.875445 0.126897 0.893238 0.120826 0.901068
1 0.142684 0.930249 0.148148 0.92242 0.164542 0.93879 0.159077 0.946619
1 0.12204 0.903203 0.128112 0.896085 0.142684 0.912456 0.137219 0.920285
1 0.0777171 0.913167 0.0704311 0.920285 0.0558591 0.903203 0.0637523 0.895374
1 0.0601093 0.837722 0.0673953 0.829181 0.0862174 0.847687 0.0789314 0.85694
1 0.0977535 0.931673 0.0898604 0.941637 0.0752884 0.923843 0.0837887 0.913879
1 0.0582878 0.891103 0.051609 0.899644 0.0376442 0.884698 0.044323 0.875445
1 0.11354 0.949466 0.106254 0.960854 0.0898604 0.944484 0.0971463 0.933808
1 0.129326 0.973665 0.123254 0.981495 0.106861 0.963701 0.114754 0.954448
