1 0.395862 0.882629 0.408276 0.883803 0.406207 0.923709 0.393793 0.921362
1 0.04 0.651408 0.0413793 0.631455 0.0648276 0.634977 0.0648276 0.65493
1 0.14069 0.634977 0.14 0.656103 0.117931 0.65493 0.117241 0.634977
1 0.252414 0.893192 0.237241 0.890845 0.24 0.849765 0.254483 0.853286
1 0.141379 0.681925 0.141379 0.703052 0.117931 0.701878 0.118621 0.681925
1 0.142069 0.584507 0.141379 0.606808 0.11931 0.605634 0.118621 0.584507
1 0.146207 0.489437 0.145517 0.50939 0.118621 0.507042 0.118621 0.488263
1 0.143448 0.515258 0.142759 0.534038 0.11931 0.53169 0.11931 0.514085
1 0.0703448 0.606808 0.0675862 0.631455 0.042069 0.625587 0.0434483 0.60446
1 0.0668966 0.592723 0.0524138 0.591549 0.0544828 0.552817 0.0689655 0.553991
1 0.0386207 0.546948 0.0510345 0.548122 0.0496552 0.596244 0.0365517 0.596244
1 0.142069 0.607981 0.141379 0.629108 0.116552 0.629108 0.117931 0.606808
1 0.0331034 0.597418 0.0213793 0.593897 0.0227586 0.549296 0.0351724 0.551643
