1 0.00175593 0.883186 0.0140474 0.875221 0.0333626 0.911504 0.0201932 0.918584
1 0.04741 0.230088 0.0324846 0.228319 0.0386304 0.19646 0.0526778 0.199115
1 0.0272169 0.461062 0.0140474 0.456637 0.023705 0.426549 0.0368745 0.430973
1 0.0114135 0.466372 0.024583 0.469027 0.0166813 0.49823 0.00438982 0.49469
1 0.0289728 0.460177 0.0430202 0.462832 0.0368745 0.493805 0.0219491 0.490265
1 0.0491659 0.457522 0.0640913 0.461062 0.0579456 0.493805 0.0421422 0.49115
1 0.023705 0.349558 0.0403863 0.346903 0.0438982 0.383186 0.0272169 0.384956
1 0.0930641 0.356637 0.0790167 0.361062 0.0693591 0.329204 0.0834065 0.324779
1 0.220369 0.0911504 0.215979 0.0778761 0.249342 0.0663717 0.253731 0.079646
1 0.0324846 0.870796 0.0193152 0.877876 0.00526778 0.850442 0.0193152 0.843363
1 0.0526778 0.755752 0.0377524 0.751327 0.046532 0.720354 0.0614574 0.723894
1 0.0368745 0.755752 0.0517998 0.760177 0.0421422 0.79469 0.0280948 0.789381
1 0.0324846 0.755752 0.0184372 0.751327 0.0272169 0.720354 0.0412643 0.724779
1 0.184372 0.784071 0.196664 0.788496 0.187884 0.818584 0.176471 0.814159
1 0.0684811 0.869912 0.0535558 0.876106 0.0403863 0.846018 0.0570676 0.839823
1 0.360843 0.653097 0.376646 0.653097 0.378402 0.683186 0.361721 0.685841
1 0.0193152 0.641593 0.0333626 0.638938 0.0359965 0.673451 0.0193152 0.674336
1 0.256365 0.704425 0.239684 0.70531 0.23705 0.670796 0.254609 0.671681
1 0.0570676 0.756637 0.0746269 0.763717 0.0632133 0.795575 0.04741 0.788496
1 0.406497 0.060177 0.407375 0.0761062 0.37928 0.0778761 0.377524 0.0619469
1 0.259877 0.784071 0.27568 0.789381 0.265145 0.821239 0.249342 0.815929
1 0.0272169 0.987611 0.0105356 0.990265 0.00790167 0.961062 0.023705 0.958407
1 0.0131694 0.763717 0.0307287 0.769027 0.0201932 0.80177 0.00351185 0.795575
1 0.0149254 0.752212 0.000877963 0.748673 0.00790167 0.721239 0.0219491 0.725664
1 0.221247 0.779646 0.204565 0.774336 0.215979 0.736283 0.230904 0.740708
1 0.317823 0.776106 0.33187 0.779646 0.322212 0.812389 0.308165 0.80708
1 0.240562 0.784071 0.256365 0.787611 0.246708 0.818584 0.23266 0.813274
1 0.179104 0.786726 0.166813 0.782301 0.177349 0.752212 0.188762 0.757522
1 0.200176 0.788496 0.212467 0.792035 0.204565 0.820354 0.192274 0.815929
