1 0.468341 0.0444965 0.471616 0.0234192 0.510917 0.0327869 0.507642 0.0526932
1 0.412664 0.188525 0.394105 0.18267 0.402838 0.139344 0.422489 0.145199
1 0.282751 0.0362998 0.28821 0.0163934 0.329694 0.0245902 0.324236 0.0456674
1 0.39083 0.181499 0.370087 0.179157 0.378821 0.131148 0.400655 0.13466
1 0.519651 0.209602 0.5 0.203747 0.508734 0.159251 0.528384 0.163934
1 0.795852 0.0117096 0.791485 0.0339578 0.753275 0.030445 0.755459 0.00819672
1 0.565502 0.217799 0.543668 0.211944 0.549127 0.169789 0.569869 0.174473
1 0.667031 0.234192 0.648472 0.230679 0.656114 0.186183 0.675764 0.189696
1 0.631004 0.0105386 0.627729 0.029274 0.587336 0.0187354 0.591703 0.00117096
1 0.639738 0.0526932 0.641921 0.0339578 0.679039 0.0421546 0.675764 0.0608899
1 0.792576 0.0608899 0.790393 0.0831382 0.752183 0.0772834 0.754367 0.0562061
1 0.371179 0.176815 0.350437 0.172131 0.35917 0.124122 0.381004 0.129977
1 0.350437 0.174473 0.328603 0.168618 0.335153 0.119438 0.356987 0.124122
1 0.457424 0.200234 0.434498 0.193208 0.441048 0.14637 0.465066 0.149883
1 0.78821 0.0854801 0.786026 0.105386 0.744541 0.0995316 0.748908 0.0772834
