1 0.755734 0.449053 0.743119 0.434626 0.777523 0.413886 0.790138 0.42651
1 0.844037 0.428314 0.827982 0.435528 0.807339 0.413886 0.825688 0.403968
1 0.655963 0.162308 0.666284 0.173129 0.633028 0.196573 0.62156 0.186655
1 0.697248 0.205591 0.711009 0.217313 0.681193 0.238052 0.668578 0.225428
1 0.433486 0.12083 0.444954 0.112714 0.472477 0.13706 0.459862 0.146078
1 0.518349 0.167719 0.520642 0.182146 0.479358 0.186655 0.478211 0.172227
1 0.395642 0.146078 0.409404 0.136159 0.43578 0.158702 0.424312 0.16862
1 0.344037 0.180343 0.356651 0.172227 0.385321 0.20018 0.372706 0.208296
1 0.158257 0.407574 0.173165 0.398557 0.194954 0.422904 0.183486 0.431019
1 0.120413 0.473399 0.106651 0.481515 0.081422 0.454463 0.0963303 0.446348
1 0.0711009 0.505861 0.0573394 0.514878 0.0344037 0.490532 0.0458716 0.481515
1 0.0848624 0.496844 0.0722477 0.504058 0.0481651 0.47881 0.0607798 0.470694
1 0.0401376 0.567178 0.0516055 0.5789 0.0194954 0.598738 0.00802752 0.587015
1 0.215596 0.7367 0.227064 0.74752 0.196101 0.76826 0.184633 0.758341
1 0.201835 0.721371 0.212156 0.732191 0.178899 0.752931 0.168578 0.743012
1 0.184633 0.707845 0.196101 0.719567 0.163991 0.739405 0.154817 0.728584
1 0.172018 0.693417 0.183486 0.703336 0.152523 0.723174 0.142202 0.713255
1 0.114679 0.639315 0.125 0.650135 0.0940367 0.670875 0.0825688 0.660054
1 0.0802752 0.609558 0.0917431 0.62128 0.0573394 0.64202 0.0458716 0.629396
1 0.0665138 0.596032 0.0768349 0.607755 0.0458716 0.625789 0.0366972 0.614968
1 0.561927 0.264202 0.551606 0.25248 0.580275 0.233544 0.59289 0.245266
1 0.607798 0.306583 0.59633 0.295762 0.623853 0.277728 0.635321 0.288548
1 0.715596 0.407574 0.704128 0.39495 0.736239 0.375113 0.74656 0.386835
1 0.106651 0.365194 0.0905963 0.376014 0.0676606 0.350766 0.0837156 0.341749
1 0.770642 0.465284 0.755734 0.450857 0.790138 0.428314 0.805046 0.440938
1 0.959862 0.51037 0.943807 0.497746 0.982798 0.473399 0.99656 0.486925
1 0.96789 0.456267 0.981651 0.467087 0.949541 0.492335 0.934633 0.480613
1 0.241972 0.763751 0.256881 0.779982 0.224771 0.800721 0.208716 0.786294
1 0.227064 0.752029 0.239679 0.765555 0.208716 0.785392 0.191514 0.770965
1 0.0986239 0.62128 0.113532 0.635708 0.0791284 0.659152 0.0630734 0.644725
1 0.0550459 0.5789 0.0665138 0.593327 0.0298165 0.61587 0.0172018 0.602344
1 0.415138 0.13165 0.430046 0.123535 0.454128 0.146979 0.43922 0.155095
1 0.308486 0.35257 0.292431 0.361587 0.266055 0.337241 0.280963 0.325518
1 0.235092 0.401262 0.22133 0.409378 0.194954 0.385933 0.211009 0.375113
1 0.16055 0.444545 0.143349 0.45266 0.12156 0.431921 0.139908 0.420198
1 0.139908 0.459874 0.12156 0.469793 0.0997706 0.445446 0.116972 0.434626
1 0.142202 0.305681 0.159404 0.296664 0.181193 0.324617 0.163991 0.332732
1 0.791284 0.475203 0.780963 0.464382 0.81078 0.44725 0.819954 0.457169
1 0.192661 0.274121 0.209862 0.2633 0.237385 0.287647 0.220183 0.298467
1 0.358945 0.169522 0.372706 0.160505 0.396789 0.18395 0.380734 0.192065
1 0.311927 0.238052 0.297018 0.248873 0.268349 0.224527 0.284404 0.212804
1 0.928899 0.698828 0.916284 0.686204 0.948394 0.664563 0.959862 0.676285
1 0.91055 0.6844 0.896789 0.671776 0.926606 0.651939 0.93922 0.662759
1 0.698394 0.38954 0.686927 0.376916 0.71789 0.357078 0.730505 0.369702
1 0.729358 0.420198 0.716743 0.408476 0.74656 0.387737 0.759174 0.400361
1 0.25344 0.392245 0.238532 0.401262 0.211009 0.375113 0.227064 0.364292
1 0.270642 0.381425 0.255734 0.392245 0.227064 0.364292 0.243119 0.353472
1 0.122706 0.319206 0.136468 0.307484 0.162844 0.330929 0.147936 0.341749
1 0.75 0.429216 0.738532 0.416592 0.769495 0.397656 0.780963 0.409378
1 0.802752 0.491434 0.793578 0.480613 0.823394 0.461677 0.834862 0.472498
