1 0.298447 0.103918 0.308798 0.103918 0.307648 0.166951 0.298447 0.165247
1 0.418056 0.400341 0.417481 0.427598 0.393905 0.422487 0.393905 0.39523
1 0.374928 0.39523 0.374353 0.425894 0.351926 0.420784 0.351926 0.39523
1 0.342726 0.396934 0.342151 0.425894 0.320874 0.420784 0.320874 0.393526
1 0.265095 0.390119 0.26452 0.420784 0.240943 0.415673 0.242093 0.385009
1 0.236343 0.391823 0.235768 0.417376 0.215066 0.410562 0.215641 0.386712
1 0.0920069 0.381601 0.0920069 0.408859 0.0701553 0.408859 0.0707303 0.379898
1 0.0586544 0.379898 0.0586544 0.407155 0.0368028 0.405451 0.0368028 0.378194
1 0.73203 0.201022 0.721104 0.201022 0.721104 0.143101 0.73088 0.143101
1 0.447959 0.400341 0.447959 0.429302 0.426682 0.425894 0.426682 0.396934
1 0.514664 0.403748 0.514664 0.432709 0.491087 0.432709 0.491087 0.403748
1 0.481311 0.398637 0.480736 0.427598 0.459459 0.429302 0.459459 0.402044
1 0.550891 0.405451 0.550891 0.437819 0.525589 0.431005 0.52674 0.402044
1 0.719954 0.253833 0.707878 0.252129 0.707878 0.170358 0.718804 0.172061
1 0.623347 0.407155 0.623922 0.439523 0.60092 0.441227 0.600345 0.412266
1 0.583094 0.403748 0.583094 0.434412 0.560667 0.434412 0.560667 0.407155
1 0.19724 0.378194 0.19724 0.412266 0.177113 0.415673 0.175963 0.379898
1 0.131685 0.376491 0.131685 0.408859 0.101783 0.408859 0.102358 0.376491
1 0.914894 0.798978 0.903393 0.798978 0.903393 0.727428 0.914894 0.727428
1 0.916619 0.618399 0.905693 0.616695 0.906268 0.546848 0.917194 0.546848
1 0.296722 0.390119 0.296722 0.41908 0.278896 0.41908 0.278321 0.390119
1 0.163887 0.386712 0.164462 0.415673 0.146061 0.412266 0.146061 0.385009
1 0.973548 0.369676 0.973548 0.400341 0.948246 0.398637 0.948246 0.369676
1 0.858539 0.422487 0.858539 0.453152 0.835538 0.449744 0.835538 0.420784
1 0.828062 0.41908 0.827487 0.448041 0.801035 0.446337 0.80161 0.413969
1 0.79701 0.41908 0.79701 0.448041 0.772858 0.444634 0.772858 0.417376
1 0.761357 0.415673 0.760782 0.448041 0.73433 0.444634 0.73433 0.413969
1 0.719954 0.41908 0.719954 0.446337 0.698102 0.44293 0.698102 0.413969
1 0.688902 0.415673 0.688902 0.446337 0.6659 0.44293 0.665325 0.413969
1 0.656699 0.415673 0.657274 0.44293 0.635998 0.441227 0.635423 0.415673
