0 0.514062 0.177789 0.539062 0.17049 0.542188 0.177789 0.517969 0.18561
0 0.521875 0.18926 0.546875 0.179353 0.553125 0.186653 0.528125 0.196559
0 0.613281 0.253389 0.622656 0.258603 0.6 0.27633 0.589063 0.270073
1 0.647656 0.277372 0.660937 0.281543 0.646875 0.300313 0.633594 0.296663
1 0.764062 0.280501 0.753906 0.285714 0.735938 0.271116 0.745313 0.265381
1 0.590625 0.173097 0.585156 0.164755 0.60625 0.157977 0.6125 0.164755
0 0.536719 0.0813347 0.557813 0.0933264 0.551562 0.0985401 0.530469 0.0881126
0 0.544531 0.0776851 0.555469 0.0719499 0.571094 0.0875912 0.560156 0.0922836
0 0.692969 0.0620438 0.704688 0.0656934 0.692187 0.0834202 0.682813 0.0808133
0 0.501563 0.129823 0.527344 0.131908 0.525 0.14025 0.5 0.137643
0 0.498437 0.143379 0.521875 0.141814 0.522656 0.149635 0.5 0.151721
0 0.557813 0.230448 0.585938 0.222106 0.590625 0.232013 0.563281 0.239312
0 0.621094 0.262774 0.632812 0.269552 0.609375 0.288843 0.596875 0.281543
0 0.663281 0.278936 0.676562 0.280501 0.672656 0.297706 0.660937 0.296142
0 0.692969 0.280501 0.707812 0.278415 0.7125 0.295099 0.698438 0.296663
0 0.761719 0.258081 0.779687 0.270073 0.770312 0.277372 0.752344 0.264859
0 0.769531 0.247654 0.79375 0.25756 0.786719 0.265902 0.764062 0.255474
0 0.78125 0.228363 0.807031 0.233055 0.803906 0.243483 0.778125 0.238269
0 0.777344 0.190302 0.811719 0.187696 0.814844 0.19708 0.779687 0.200209
0 0.635938 0.225235 0.664844 0.211157 0.672656 0.218457 0.645312 0.232534
0 0.623437 0.214807 0.651563 0.204901 0.657031 0.213243 0.629687 0.222628
0 0.683594 0.145985 0.704688 0.135036 0.714063 0.143379 0.692187 0.153285
0 0.696875 0.160584 0.722656 0.153806 0.728125 0.161105 0.701562 0.167883
0 0.710938 0.198644 0.748437 0.201251 0.745313 0.211679 0.708594 0.206986
1 0.600781 0.247654 0.608594 0.254432 0.589063 0.267987 0.579688 0.26121
1 0.635938 0.192909 0.641406 0.200209 0.620313 0.209072 0.6125 0.202294
1 0.797656 0.157977 0.800781 0.167362 0.776563 0.171533 0.771875 0.162669
1 0.799219 0.246611 0.794531 0.25391 0.771875 0.247132 0.777344 0.239833
1 0.553906 0.104275 0.546875 0.112096 0.521875 0.100104 0.528125 0.092805
1 0.502344 0.125652 0.50625 0.116788 0.5375 0.121481 0.534375 0.130344
1 0.505469 0.164234 0.501563 0.156934 0.528125 0.150678 0.53125 0.159541
1 0.511719 0.176225 0.50625 0.167883 0.533594 0.160584 0.5375 0.168926
1 0.58125 0.190302 0.567969 0.192388 0.5625 0.17414 0.575781 0.172054
1 0.617969 0.175182 0.624219 0.182482 0.601562 0.191867 0.595313 0.18561
1 0.70625 0.217935 0.709375 0.210115 0.735938 0.216371 0.73125 0.224713
1 0.701562 0.22732 0.7125 0.221064 0.730469 0.236184 0.720313 0.241919
1 0.630469 0.273201 0.64375 0.278936 0.628125 0.294056 0.616406 0.288843
1 0.748437 0.288843 0.7375 0.294056 0.721875 0.278936 0.732812 0.273723
