1 0.555049 0.0645851 0.559915 0.06929 0.553832 0.0838323 0.54927 0.0804106
1 0.543491 0.0556031 0.549574 0.0607357 0.542883 0.0761334 0.5368 0.0714286
1 0.158151 0.0260907 0.162713 0.0295124 0.156022 0.046621 0.150852 0.0419162
1 0.178528 0.000427716 0.183698 0.00427716 0.17792 0.0175364 0.173358 0.0136869
1 0.38017 0.941831 0.379866 0.951668 0.364659 0.949102 0.365572 0.940975
1 0.375608 0.905475 0.38017 0.905475 0.379866 0.921728 0.374392 0.920873
1 0.381691 0.90633 0.38747 0.90633 0.386557 0.920873 0.381387 0.920445
1 0.38899 0.905902 0.394769 0.90633 0.393552 0.921728 0.388382 0.920873
1 0.395985 0.908041 0.40146 0.908896 0.401156 0.923439 0.395985 0.922583
1 0.402676 0.908041 0.407543 0.908041 0.406934 0.924722 0.402372 0.923439
1 0.409063 0.909324 0.414842 0.91018 0.414234 0.925577 0.409063 0.924722
1 0.424574 0.908896 0.430353 0.909752 0.430353 0.928571 0.42427 0.928144
1 0.403893 0.944397 0.403589 0.953807 0.391119 0.952524 0.391727 0.943541
1 0.436131 0.958939 0.433394 0.966638 0.421229 0.958084 0.423966 0.949957
1 0.451946 0.963216 0.451338 0.970488 0.440085 0.969204 0.440693 0.961506
1 0.485097 0.96621 0.484793 0.975192 0.470499 0.973909 0.470803 0.96621
1 0.522202 0.931993 0.517032 0.931138 0.517032 0.917451 0.522202 0.918306
1 0.524635 0.917023 0.529805 0.917879 0.529197 0.931993 0.524635 0.931565
1 0.167883 0.0556031 0.162105 0.0521814 0.167579 0.0363559 0.173054 0.0410607
1 0.133516 0.0265184 0.128345 0.0230967 0.13382 0.0081266 0.13899 0.0111206
1 0.128041 0.0218135 0.122871 0.0175364 0.128345 0.00384944 0.133212 0.00727117
1 0.0164234 0.046621 0.0136861 0.0521814 0.00243309 0.0423439 0.00547445 0.0359281
1 0.00699513 0.111634 0.011253 0.115056 0.00608273 0.127032 0.00212895 0.124038
1 0.5441 0.918734 0.550182 0.919162 0.548662 0.934987 0.543187 0.934559
1 0.563869 0.922156 0.569343 0.922156 0.569343 0.938837 0.564173 0.939264
1 0.582725 0.921728 0.589416 0.923439 0.588504 0.94568 0.581509 0.944397
1 0.559611 0.96621 0.558698 0.973909 0.546837 0.971771 0.547141 0.9645
1 0.826642 0.292558 0.831813 0.296407 0.826338 0.31095 0.820864 0.3071
1 0.818431 0.257485 0.815389 0.265184 0.80444 0.256202 0.807178 0.249786
1 0.833637 0.296835 0.838808 0.300684 0.832117 0.316082 0.827555 0.311805
1 0.839416 0.30154 0.844282 0.305389 0.8382 0.321642 0.832725 0.317365
1 0.887165 0.341745 0.892336 0.346022 0.886253 0.36142 0.881083 0.357143
1 0.893248 0.348161 0.898114 0.351583 0.893552 0.365269 0.888382 0.360992
1 0.898418 0.352866 0.903589 0.356715 0.89781 0.372968 0.893248 0.368691
1 0.743917 0.196322 0.741484 0.203165 0.730839 0.194611 0.733881 0.18734
1 0.684611 0.1929 0.687044 0.186056 0.698905 0.195894 0.696168 0.202737
1 0.728406 0.220701 0.724757 0.228828 0.711375 0.216424 0.714416 0.209153
1 0.703163 0.275021 0.699818 0.28272 0.688869 0.273738 0.691606 0.266039
1 0.7059 0.267322 0.702859 0.273738 0.691302 0.265184 0.694343 0.257485
1 0.667883 0.231822 0.67062 0.225406 0.681265 0.234388 0.678832 0.240804
1 0.662105 0.248503 0.66545 0.242087 0.673966 0.249358 0.671533 0.255774
1 0.602494 0.0748503 0.598844 0.0829769 0.587287 0.0714286 0.590328 0.0650128
1 0.929136 0.431565 0.932178 0.426433 0.94191 0.434559 0.939173 0.440547
1 0.939781 0.444825 0.937348 0.450385 0.926095 0.441403 0.928224 0.434559
1 0.919708 0.455945 0.921837 0.44953 0.932482 0.458512 0.930049 0.464927
1 0.642944 0.93071 0.648114 0.93071 0.647202 0.947391 0.642032 0.946536
1 0.632908 0.971771 0.632908 0.980753 0.618613 0.978614 0.618613 0.971343
1 0.649331 0.976903 0.649635 0.984602 0.639294 0.984175 0.63899 0.977331
1 0.667275 0.979042 0.666667 0.985885 0.655414 0.984175 0.655414 0.976903
1 0.657238 0.931993 0.662409 0.933276 0.661192 0.947819 0.65663 0.946963
1 0.663929 0.933276 0.669404 0.933276 0.6691 0.949102 0.664234 0.949102
1 0.649331 0.931565 0.654805 0.932421 0.653893 0.948246 0.648418 0.947391
1 0.635645 0.93071 0.641727 0.931993 0.640207 0.947819 0.634732 0.946963
1 0.926399 0.474765 0.923662 0.483319 0.910888 0.472626 0.914234 0.464927
1 0.628954 0.929427 0.634428 0.929855 0.633212 0.94568 0.627737 0.945252
1 0.622567 0.928144 0.628041 0.927716 0.627433 0.942686 0.622263 0.942686
1 0.756387 0.949102 0.756387 0.940975 0.768856 0.942258 0.768248 0.950385
1 0.772506 0.949957 0.773723 0.941403 0.787713 0.94568 0.786192 0.953807
1 0.789842 0.953379 0.788929 0.946536 0.800791 0.944825 0.801399 0.952524
1 0.809307 0.954662 0.809915 0.947819 0.82208 0.94953 0.821472 0.956801
