1 0.873929 0.291265 0.872705 0.285981 0.903305 0.284426 0.903917 0.290022
1 0.955324 0.341312 0.956548 0.345664 0.936965 0.347529 0.935129 0.343177
1 0.00428397 0.390426 0.00122399 0.385141 0.0208078 0.379857 0.0250918 0.385141
1 0.20257 0.393224 0.198286 0.397886 0.178703 0.392913 0.182987 0.389182
1 0.23929 0.400684 0.235618 0.406901 0.213586 0.401616 0.218482 0.396954
1 0.240514 0.405968 0.244798 0.401927 0.261934 0.407523 0.257038 0.410942
1 0.317625 0.396332 0.311506 0.392291 0.329253 0.38452 0.334761 0.38825
1 0.0410037 0.867578 0.0318237 0.870065 0.0220318 0.860118 0.0318237 0.857631
1 0.0599755 0.857631 0.0489596 0.860429 0.0397797 0.850482 0.0514076 0.847995
1 0.0214198 0.872863 0.0104039 0.87535 0.00122399 0.866957 0.0116279 0.863848
1 0.0275398 0.80945 0.0379437 0.806652 0.0452876 0.81691 0.0361077 0.819397
1 0.0159119 0.812247 0.0238678 0.809761 0.0342717 0.819086 0.0257038 0.821573
1 0.00367197 0.815667 0.0146879 0.812869 0.0226438 0.822816 0.0134639 0.825303
1 0.376377 0.443581 0.370257 0.448244 0.350673 0.440783 0.356181 0.436121
1 0.405141 0.426795 0.396573 0.42866 0.388617 0.419956 0.397185 0.418091
1 0.378213 0.368356 0.370869 0.363071 0.390453 0.357165 0.396573 0.361828
1 0.516524 0.447622 0.504896 0.450109 0.49694 0.438918 0.507344 0.436742
1 0.54284 0.72894 0.544064 0.734846 0.515912 0.737022 0.514076 0.730805
1 0.555692 0.759092 0.55508 0.764688 0.529376 0.765309 0.529376 0.759714
1 0.998776 0.550513 0.98776 0.550513 0.98776 0.539633 0.998776 0.539944
1 0.140147 0.387317 0.149939 0.387628 0.149327 0.39944 0.139535 0.39944
1 0.00795594 0.404414 0.00244798 0.398197 0.0226438 0.392602 0.0275398 0.397886
1 0.416769 0.0438297 0.408201 0.0407212 0.421053 0.0317066 0.430233 0.0345042
1 0.203182 0.0727386 0.209302 0.0770905 0.190942 0.08424 0.185435 0.0801989
1 0.0416157 0.147964 0.0471236 0.152316 0.0312118 0.158533 0.0269278 0.155113
1 0.438188 0.0338825 0.449204 0.0363693 0.439412 0.0466273 0.429621 0.0447622
1 0.550796 0.030774 0.544676 0.0357476 0.525704 0.0298415 0.5306 0.0251787
1 0.988372 0.521915 0.999388 0.522226 0.997552 0.534038 0.98776 0.534038
1 0.984088 0.668635 0.995104 0.668635 0.992044 0.680758 0.982864 0.680137
1 0.936965 0.725521 0.931457 0.720858 0.947368 0.715263 0.953488 0.719615
1 0.966952 0.799192 0.955936 0.79857 0.955936 0.78769 0.966952 0.78769
1 0.0642595 0.139571 0.0703794 0.144545 0.0526316 0.151383 0.0465116 0.147342
1 0.110771 0.067765 0.116279 0.0733603 0.0942472 0.0795772 0.0893513 0.0736711
1 0.145655 0.0441405 0.151775 0.0491141 0.132803 0.0553311 0.127295 0.0509792
1 0.171971 0.0345042 0.178091 0.0388561 0.157283 0.0475598 0.149327 0.0425863
