1 0.936709 0.471698 0.936709 0.458221 0.98504 0.461815 0.981588 0.477987
1 0.941312 0.435759 0.944764 0.421384 0.978136 0.424978 0.975834 0.440252
1 0.12313 0.687332 0.0989643 0.68823 0.100115 0.654987 0.124281 0.654088
1 0.665132 0.936208 0.643268 0.931716 0.651323 0.899371 0.672037 0.902965
1 0.689298 0.943396 0.667434 0.938005 0.674338 0.904762 0.697353 0.907457
1 0.76985 0.840072 0.792865 0.843666 0.787112 0.874214 0.766398 0.871518
1 0.864212 0.858041 0.883774 0.860737 0.875719 0.891285 0.857307 0.888589
1 0.919448 0.83558 0.920598 0.819407 0.962025 0.824798 0.960875 0.840072
1 0.9229 0.815813 0.924051 0.803235 0.963176 0.805031 0.962025 0.819407
1 0.919448 0.797844 0.919448 0.785265 0.964327 0.788859 0.962025 0.801438
1 0.93786 0.726864 0.93786 0.71159 0.980437 0.713387 0.980437 0.72956
1 0.95397 0.612758 0.955121 0.60018 0.993096 0.602875 0.991945 0.616352
1 0.994246 0.368374 0.990794 0.387242 0.949367 0.382749 0.951669 0.366577
1 0.959724 0.324349 0.960875 0.310872 0.997699 0.315364 0.995397 0.327942
1 0.955121 0.345013 0.956272 0.328841 0.994246 0.331536 0.993096 0.347709
1 0.533947 0.962264 0.514384 0.962264 0.512083 0.928122 0.531646 0.928122
1 0.841197 0.851752 0.860759 0.854447 0.852704 0.887691 0.833142 0.884097
1 0.818182 0.849057 0.837745 0.851752 0.83084 0.881402 0.810127 0.877808
1 0.96893 0.751123 0.967779 0.768194 0.926352 0.7646 0.927503 0.749326
1 0.934407 0.743935 0.936709 0.728661 0.979287 0.730458 0.976985 0.746631
1 0.941312 0.687332 0.941312 0.672058 0.98504 0.675651 0.982739 0.690027
1 0.942463 0.668464 0.942463 0.652291 0.990794 0.655885 0.989643 0.671159
1 0.991945 0.620845 0.991945 0.639712 0.948216 0.634322 0.948216 0.616352
1 0.933257 0.511231 0.929804 0.496855 0.972382 0.49416 0.972382 0.509434
