1 0.942544 0.759623 0.95212 0.756347 0.964432 0.77068 0.954172 0.773956
1 0.928865 0.763718 0.939808 0.760442 0.949384 0.772727 0.939808 0.775594
1 0.215458 0.114251 0.223666 0.110156 0.235294 0.120803 0.227086 0.124898
1 0.151163 0.228911 0.143639 0.223178 0.166895 0.21294 0.173051 0.219083
1 0.119699 0.227273 0.114227 0.221949 0.134747 0.211712 0.141587 0.217035
1 0.406977 0.0859951 0.400821 0.0806716 0.419289 0.0728911 0.425445 0.0778051
1 0.407661 0.100737 0.399453 0.0954136 0.418605 0.0851761 0.426129 0.0913186
1 0.549932 0.017199 0.543092 0.011466 0.564979 0.0020475 0.572503 0.00655201
1 0.701778 0.0675676 0.70041 0.0601966 0.726402 0.0577396 0.728454 0.0647011
1 0.860465 0.15561 0.858413 0.162572 0.833789 0.159705 0.836525 0.152744
1 0.918605 0.199427 0.913817 0.192465 0.935021 0.186732 0.940492 0.192875
1 0.901505 0.493448 0.890561 0.497543 0.874145 0.481572 0.885773 0.477887
1 0.958276 0.837838 0.949384 0.840295 0.93844 0.828419 0.948016 0.824734
1 0.936389 0.84398 0.924761 0.847666 0.915185 0.8362 0.926129 0.832105
1 0.95896 0.816544 0.96922 0.812858 0.97948 0.824324 0.969904 0.828419
1 0.930233 0.763718 0.939808 0.760852 0.949384 0.772318 0.93844 0.775184
1 0.660055 0.857903 0.673051 0.853808 0.681259 0.865274 0.669631 0.869369
1 0.69699 0.848485 0.708618 0.845209 0.718878 0.857903 0.708618 0.86077
1 0.566347 0.886568 0.575239 0.883292 0.584815 0.896396 0.575923 0.899263
1 0.432285 0.926699 0.444596 0.923423 0.454172 0.936118 0.442544 0.939394
1 0.469904 0.918509 0.4829 0.914414 0.49316 0.927518 0.482216 0.931613
1 0.905609 0.772318 0.917237 0.768223 0.928865 0.782965 0.917921 0.78665
1 0.917237 0.767404 0.928181 0.764128 0.93844 0.778051 0.927497 0.780917
