1 0.848281 0.746988 0.837818 0.737066 0.855755 0.718639 0.866218 0.726435
1 0.813154 0.719348 0.803438 0.711552 0.821375 0.693125 0.832586 0.700213
1 0.0336323 0.0531538 0.0306428 0.0616584 0.00747384 0.0538625 0.0104634 0.0453579
1 0.59417 0.0921332 0.603139 0.0850461 0.623318 0.108434 0.61435 0.114812
1 0.87145 0.766123 0.863229 0.759745 0.881913 0.739192 0.890135 0.746988
1 0.619581 0.39759 0.613602 0.407512 0.591181 0.393338 0.598655 0.384125
1 0.649477 0.435152 0.642003 0.445783 0.621076 0.431609 0.626308 0.421687
1 0.653214 0.201276 0.639761 0.210489 0.624813 0.189227 0.638266 0.180014
1 0.974589 0.163005 0.987294 0.156627 1.00075 0.180014 0.989537 0.185684
1 0.612108 0.410347 0.606129 0.420978 0.580717 0.408221 0.587444 0.396173
1 0.629297 0.38696 0.623318 0.39759 0.597907 0.385542 0.604634 0.374911
1 0.666667 0.410347 0.659193 0.420978 0.63154 0.405386 0.639013 0.393338
1 0.786248 0.700921 0.776532 0.693125 0.792975 0.675408 0.804185 0.682495
1 0.801943 0.710135 0.789985 0.703047 0.80867 0.683203 0.819133 0.690999
