1 0.0751035 0.90221 0.0585452 0.903384 0.0544057 0.893996 0.0715553 0.893213
1 0.365464 0.792294 0.377292 0.791903 0.38084 0.800509 0.369604 0.800704
1 0.284447 0.479366 0.28563 0.483082 0.266115 0.483865 0.264341 0.480344
1 0.288587 0.486603 0.286813 0.483082 0.312241 0.482496 0.31165 0.485429
1 0.290952 0.489928 0.289769 0.486994 0.313424 0.486016 0.313424 0.489145
1 0.2123 0.493839 0.209344 0.49071 0.228859 0.488754 0.231224 0.492275
1 0.206978 0.481713 0.206978 0.478193 0.227085 0.477997 0.226493 0.481518
1 0.206978 0.47389 0.205795 0.470761 0.22945 0.469978 0.228267 0.473108
1 0.205204 0.467045 0.20343 0.463329 0.231224 0.462351 0.232407 0.465871
1 0.201656 0.459222 0.201656 0.456288 0.226493 0.455506 0.227676 0.458635
1 0.236546 0.513006 0.237729 0.516527 0.21644 0.517113 0.215257 0.513593
1 0.246008 0.528066 0.248374 0.531195 0.230633 0.532173 0.227676 0.52963
1 0.235364 0.535889 0.23359 0.533151 0.254879 0.531782 0.25547 0.534715
1 0.234181 0.540192 0.231815 0.537062 0.253696 0.535498 0.256062 0.539018
1 0.239503 0.546841 0.237138 0.543712 0.261975 0.542147 0.263158 0.545472
1 0.239503 0.551144 0.237138 0.54821 0.257244 0.546841 0.259018 0.550166
1 0.264341 0.570115 0.265523 0.57344 0.244234 0.574027 0.243051 0.570898
1 0.358959 0.573636 0.360142 0.577156 0.340035 0.577743 0.338261 0.574614
1 0.358368 0.56992 0.359551 0.573049 0.340627 0.574027 0.338261 0.570702
1 0.322295 0.547233 0.32052 0.544494 0.340627 0.54293 0.342401 0.546255
1 0.322295 0.532368 0.319338 0.52963 0.338853 0.528457 0.340035 0.531195
1 0.361325 0.579699 0.36369 0.583024 0.344175 0.584393 0.341218 0.581068
1 0.373743 0.614903 0.375517 0.618424 0.353637 0.619793 0.351271 0.616468
1 0.371969 0.682965 0.372561 0.686681 0.350089 0.687463 0.348315 0.684334
1 0.28563 0.483473 0.286813 0.486407 0.264932 0.487581 0.264341 0.48406
1 0.282082 0.47565 0.282673 0.478975 0.262567 0.479562 0.261384 0.476433
1 0.379066 0.695482 0.380248 0.69822 0.361916 0.699394 0.360142 0.696264
1 0.282673 0.471152 0.28149 0.468218 0.306328 0.467045 0.306919 0.469978
1 0.0958013 0.212987 0.105263 0.211617 0.114134 0.218658 0.10408 0.220027
1 0.0981668 0.243301 0.107037 0.241932 0.116499 0.249951 0.107629 0.251516
1 0.201656 0.33229 0.194559 0.33405 0.179775 0.327596 0.187463 0.325445
1 0.127144 0.348328 0.122413 0.345003 0.139562 0.342656 0.143111 0.346176
1 0.133649 0.355173 0.128918 0.352239 0.145476 0.349306 0.150207 0.352435
1 0.269663 0.34559 0.277942 0.344416 0.28563 0.350479 0.277351 0.351848
1 0.289769 0.361823 0.299231 0.360258 0.309876 0.366321 0.300414 0.367886
1 0.299231 0.370037 0.310467 0.36945 0.312241 0.375709 0.302779 0.376296
1 0.211709 0.371015 0.213483 0.374144 0.195742 0.375709 0.193377 0.372775
1 0.11236 0.388813 0.101715 0.389595 0.0963927 0.383532 0.105855 0.382554
1 0.201656 0.455701 0.199882 0.451594 0.223536 0.450616 0.224719 0.454528
1 0.253696 0.453159 0.251922 0.450029 0.276759 0.449247 0.277942 0.452376
1 0.200473 0.445727 0.201656 0.442988 0.221171 0.444358 0.219988 0.447291
1 0.302188 0.44866 0.303962 0.451203 0.282082 0.452376 0.280308 0.449051
1 0.32466 0.435948 0.33767 0.43497 0.339444 0.441424 0.327025 0.441815
1 0.30751 0.395658 0.316972 0.395267 0.319929 0.402308 0.31165 0.402503
1 0.280899 0.47213 0.282082 0.475064 0.263158 0.476041 0.262567 0.473108
1 0.279716 0.463916 0.280899 0.467827 0.258427 0.468414 0.257244 0.464893
1 0.283264 0.460199 0.285038 0.463329 0.259018 0.464502 0.257836 0.461373
1 0.277351 0.456483 0.278533 0.459808 0.260792 0.460591 0.259018 0.457461
1 0.280308 0.460004 0.279125 0.45707 0.302188 0.455897 0.302779 0.458635
1 0.247191 0.677684 0.257244 0.677098 0.25961 0.683552 0.250148 0.683747
1 0.370787 0.68805 0.371969 0.690984 0.356002 0.691571 0.35482 0.688832
1 0.383205 0.882456 0.384979 0.885586 0.36783 0.886564 0.366647 0.88363
1 0.391484 0.896147 0.391484 0.898885 0.373743 0.899668 0.372561 0.896929
1 0.419279 0.89869 0.416913 0.895756 0.435245 0.894387 0.436428 0.897125
1 0.438794 0.904948 0.438794 0.907686 0.418687 0.908273 0.418096 0.905926
1 0.505618 0.906904 0.505618 0.909838 0.484329 0.910424 0.482555 0.907295
1 0.398581 0.9071 0.399763 0.910229 0.376109 0.911598 0.374926 0.908273
1 0.379066 0.91727 0.3767 0.91414 0.395033 0.913163 0.396215 0.916487
1 0.440568 0.908469 0.441159 0.911598 0.421644 0.912576 0.420461 0.909447
1 0.422827 0.916292 0.421053 0.913554 0.441159 0.912576 0.442342 0.915509
1 0.506209 0.910816 0.506209 0.913945 0.486103 0.914336 0.485512 0.911598
1 0.489651 0.918834 0.487877 0.915705 0.506209 0.914727 0.507983 0.917856
1 0.442342 0.945629 0.432289 0.945824 0.429332 0.938979 0.438794 0.938392
1 0.455943 0.945042 0.44589 0.945629 0.443525 0.938588 0.452986 0.938392
1 0.465996 0.944846 0.458309 0.944846 0.45476 0.938979 0.463631 0.938783
1 0.465996 0.93761 0.47605 0.93761 0.477824 0.943869 0.468953 0.943869
1 0.476641 0.937219 0.487286 0.937219 0.488468 0.943869 0.479007 0.943869
1 0.489651 0.937414 0.499113 0.937414 0.501478 0.94426 0.492017 0.944455
1 0.47191 0.965187 0.46304 0.965382 0.458309 0.959515 0.467179 0.958733
1 0.508575 0.957168 0.518628 0.956581 0.520993 0.962644 0.511532 0.962644
1 0.438202 0.968316 0.428149 0.968316 0.427558 0.96108 0.43702 0.96108
1 0.438794 0.959515 0.448847 0.959515 0.449438 0.966556 0.439976 0.966751
1 0.460674 0.965774 0.452395 0.965969 0.449438 0.960297 0.457717 0.960102
1 0.365464 0.878936 0.36369 0.876589 0.384388 0.87522 0.383797 0.877763
1 0.40686 0.888128 0.405086 0.884803 0.432289 0.88363 0.43288 0.886955
1 0.384979 0.698025 0.384388 0.695091 0.404494 0.694309 0.403903 0.697438
1 0.408634 0.780559 0.409225 0.783884 0.386753 0.784667 0.384979 0.781537
1 0.383797 0.702719 0.384979 0.706043 0.364873 0.706826 0.362507 0.703696
1 0.266706 0.715627 0.278533 0.715236 0.280899 0.724624 0.269663 0.724624
1 0.391484 0.712693 0.389119 0.708977 0.415139 0.707999 0.416322 0.711324
1 0.412774 0.716605 0.414548 0.720125 0.389119 0.72169 0.387345 0.717974
1 0.395033 0.729513 0.396215 0.732447 0.369604 0.733816 0.369012 0.730491
1 0.397398 0.732838 0.395624 0.729709 0.415139 0.728731 0.416913 0.731664
1 0.396215 0.736945 0.396807 0.740857 0.371969 0.741835 0.370195 0.738119
1 0.396807 0.741443 0.397989 0.744768 0.377883 0.745746 0.3767 0.742421
1 0.420461 0.747702 0.421644 0.751222 0.399172 0.752396 0.396807 0.749071
1 0.400946 0.756307 0.398581 0.753178 0.421053 0.751809 0.422235 0.754938
1 0.398581 0.752787 0.399172 0.756112 0.378474 0.75709 0.377292 0.753569
1 0.399763 0.756894 0.400946 0.759828 0.379657 0.761001 0.379657 0.757872
1 0.403903 0.760806 0.405086 0.764131 0.382614 0.765109 0.381431 0.762175
1 0.408634 0.764131 0.40686 0.761393 0.423418 0.759632 0.424601 0.76237
1 0.408634 0.76726 0.406268 0.764522 0.428149 0.763544 0.428149 0.766478
1 0.429332 0.767064 0.429923 0.770194 0.408634 0.770976 0.40686 0.768042
1 0.404494 0.767847 0.40686 0.771367 0.384979 0.772149 0.383797 0.769216
1 0.403903 0.764522 0.404494 0.767847 0.383797 0.768825 0.383205 0.765695
1 0.322886 0.776257 0.321703 0.773127 0.346541 0.772345 0.347132 0.77567
1 0.319338 0.758068 0.318746 0.754938 0.341218 0.753569 0.340627 0.756503
1 0.407451 0.776061 0.408634 0.779386 0.387345 0.780364 0.384979 0.77743
1 0.0567711 0.182085 0.066233 0.180911 0.0745121 0.186583 0.0644589 0.188343
1 0.048492 0.175044 0.0579539 0.173675 0.0656416 0.179347 0.0555884 0.180911
1 0.0372561 0.167416 0.0467179 0.165852 0.0555884 0.172893 0.0467179 0.174262
1 0.0260201 0.159006 0.0366647 0.157637 0.0437611 0.164483 0.0342992 0.165461
1 0.00473093 0.143556 0.0159669 0.141991 0.024246 0.149619 0.0130101 0.150988
