1 0.511351 0.22422 0.512973 0.231623 0.496757 0.236912 0.494595 0.230566
1 0.291892 0.445267 0.29027 0.440508 0.301622 0.438392 0.302162 0.443152
1 0.296757 0.427816 0.296757 0.432047 0.287027 0.433633 0.285946 0.428874
1 0.294595 0.407721 0.3 0.407192 0.301622 0.418297 0.296216 0.418826
1 0.295135 0.419884 0.28973 0.419884 0.288649 0.408778 0.293514 0.40825
1 0.289189 0.42147 0.283784 0.421999 0.282703 0.410894 0.287568 0.409836
1 0.282703 0.421999 0.277297 0.421999 0.276757 0.410365 0.281622 0.409836
1 0.286486 0.373347 0.291351 0.373347 0.291892 0.383924 0.287027 0.383924
1 0.280541 0.377578 0.285405 0.377578 0.285946 0.388683 0.280541 0.388683
1 0.286486 0.359598 0.292432 0.360127 0.290811 0.370703 0.285405 0.370175
1 0.279459 0.364886 0.284865 0.364357 0.284865 0.374934 0.279459 0.375463
1 0.285946 0.315177 0.287568 0.319408 0.278919 0.323638 0.276757 0.319408
1 0.301622 0.297726 0.303243 0.303014 0.291892 0.308302 0.28973 0.303014
1 0.3 0.433104 0.300541 0.437864 0.29027 0.439979 0.289189 0.434691
1 0.291892 0.465362 0.291351 0.460074 0.301081 0.459016 0.301622 0.463776
1 0.261081 0.317821 0.263784 0.322052 0.252973 0.328926 0.24973 0.324167
1 0.156757 0.406134 0.159459 0.400846 0.169189 0.406134 0.166486 0.410894
1 0.102162 0.402961 0.0989189 0.39926 0.109189 0.392385 0.111351 0.396087
1 0.0416216 0.393443 0.0475676 0.391327 0.0513514 0.400317 0.0459459 0.402433
0 0.0827027 0.419355 0.0772973 0.413538 0.0913514 0.401904 0.0962162 0.407192
0 0.0875676 0.43046 0.0837838 0.424643 0.102162 0.410365 0.106486 0.415124
1 0.12 0.427816 0.122703 0.423057 0.132973 0.428874 0.13027 0.432575
1 0.0572973 0.53358 0.0535135 0.537811 0.0443243 0.531465 0.0491892 0.526705
1 0.138378 0.424643 0.135676 0.428874 0.125405 0.424114 0.127568 0.419355
1 0.0372973 0.539926 0.0340541 0.544685 0.0248649 0.538868 0.0275676 0.534109
1 0.00108108 0.521946 0.00432432 0.518244 0.0124324 0.524061 0.00972973 0.527763
1 0.00432432 0.517187 0.00594595 0.512427 0.0162162 0.516658 0.0140541 0.520888
1 0.00972973 0.510841 0.012973 0.506081 0.0216216 0.51137 0.0178378 0.516658
1 0.107027 0.482285 0.112973 0.481756 0.114595 0.49339 0.108649 0.494447
1 0.0972973 0.491803 0.103243 0.491803 0.103784 0.503437 0.0978378 0.503966
1 0.0908108 0.494447 0.0962162 0.494447 0.0967568 0.505024 0.0913514 0.505024
1 0.0740541 0.505024 0.0794595 0.505024 0.08 0.516129 0.0745946 0.516129
1 0.0848649 0.498149 0.0902703 0.49762 0.0913514 0.508726 0.0854054 0.509783
1 0.0767568 0.503437 0.0724324 0.503437 0.0713514 0.492861 0.0767568 0.492861
1 0.0713514 0.507668 0.067027 0.507668 0.0664865 0.497091 0.0713514 0.49762
1 0.0605405 0.500793 0.0659459 0.500793 0.0659459 0.512956 0.0610811 0.512956
1 0.0421622 0.483871 0.0443243 0.478583 0.0545946 0.482285 0.0518919 0.487573
1 0.0594595 0.463776 0.0621622 0.458488 0.0756757 0.466949 0.072973 0.471708
1 0.067027 0.460603 0.0691892 0.455315 0.08 0.462189 0.0772973 0.46642
1 0.0718919 0.456372 0.0751351 0.451613 0.087027 0.457959 0.0843243 0.462718
1 0.0913514 0.454257 0.0886486 0.459016 0.0783784 0.453728 0.0810811 0.44844
1 0.1 0.446325 0.0983784 0.450555 0.0891892 0.445796 0.0918919 0.441565
0 0.0227027 0.460074 0.0189189 0.454257 0.0345946 0.442094 0.0389189 0.446854
1 0.0443243 0.439979 0.0410811 0.435219 0.0518919 0.427287 0.0545946 0.431518
1 0.241622 0.483871 0.236216 0.484929 0.233514 0.47541 0.238378 0.474881
1 0.233514 0.493919 0.229189 0.494976 0.228108 0.4844 0.232432 0.4844
1 0.227568 0.496563 0.222703 0.498149 0.221081 0.486515 0.225946 0.485457
1 0.215135 0.500264 0.210811 0.499207 0.213514 0.487573 0.217838 0.489159
1 0.208649 0.500264 0.203243 0.499207 0.205405 0.489159 0.210811 0.490217
1 0.226486 0.463247 0.223784 0.468006 0.214595 0.462189 0.217297 0.458488
1 0.245405 0.349551 0.25027 0.350079 0.25027 0.360656 0.244865 0.360656
1 0.278378 0.377049 0.274054 0.377049 0.272973 0.365944 0.277838 0.366473
1 0.271892 0.380751 0.267027 0.380222 0.267027 0.369117 0.271351 0.369646
1 0.260541 0.37229 0.265946 0.372819 0.265946 0.383924 0.260541 0.383395
1 0.274054 0.379693 0.28 0.380222 0.280541 0.392385 0.275135 0.391856
1 0.263243 0.386039 0.268108 0.386568 0.267568 0.396087 0.262703 0.396616
1 0.254595 0.37652 0.259459 0.377049 0.259459 0.388154 0.254595 0.388154
1 0.235676 0.404019 0.241081 0.404019 0.242703 0.415124 0.237297 0.415653
1 0.191892 0.382866 0.195676 0.379164 0.201622 0.384981 0.198919 0.388154
1 0.200541 0.352195 0.202703 0.356425 0.194054 0.362242 0.191351 0.358012
1 0.164865 0.3633 0.162703 0.35854 0.171892 0.353781 0.173514 0.35854
1 0.18 0.391327 0.183243 0.387097 0.191892 0.392385 0.189189 0.396616
1 0.175135 0.395558 0.177297 0.391327 0.185405 0.395558 0.183243 0.399788
1 0.167027 0.397673 0.17027 0.392914 0.179459 0.39926 0.175676 0.40349
1 0.208108 0.406134 0.214054 0.406134 0.214595 0.416182 0.209189 0.416711
1 0.234595 0.421999 0.229189 0.42147 0.228649 0.409836 0.234054 0.410365
1 0.232973 0.445796 0.230811 0.448969 0.222162 0.443681 0.224324 0.439979
1 0.227568 0.447911 0.225405 0.452142 0.216216 0.447382 0.218378 0.442623
1 0.244865 0.453199 0.242162 0.456901 0.232973 0.450555 0.235135 0.446325
1 0.238919 0.456372 0.236757 0.460603 0.227568 0.455315 0.22973 0.451084
1 0.232432 0.461132 0.22973 0.464833 0.221081 0.459016 0.223784 0.454786
0 0.958378 0.638287 0.952432 0.637229 0.954054 0.619249 0.961081 0.619778
1 0.957838 0.161819 0.952432 0.162348 0.949189 0.149656 0.954595 0.148599
1 0.970811 0.17028 0.96973 0.163934 0.984324 0.161819 0.984324 0.167636
1 0.934054 0.180328 0.928649 0.181914 0.924324 0.171338 0.929189 0.169223
1 0.92973 0.351666 0.925946 0.349022 0.934054 0.338974 0.937297 0.342147
1 0.927027 0.346378 0.923243 0.344262 0.930811 0.333686 0.935135 0.33633
1 0.925405 0.337916 0.921622 0.334744 0.928108 0.326282 0.931892 0.328926
1 0.922703 0.332628 0.917838 0.329984 0.925946 0.320465 0.92973 0.323638
1 0.918919 0.32734 0.915676 0.323638 0.923784 0.31412 0.927568 0.316764
1 0.904865 0.294553 0.903243 0.289265 0.917297 0.285034 0.918378 0.289794
1 0.902703 0.28715 0.902162 0.282919 0.911892 0.279217 0.913514 0.283448
1 0.955135 0.248546 0.956216 0.252776 0.946486 0.255949 0.944865 0.25119
1 0.942703 0.244315 0.940541 0.240085 0.951892 0.235325 0.953514 0.238498
1 0.891351 0.252776 0.892432 0.248017 0.903243 0.250132 0.902162 0.254892
1 0.981081 0.225278 0.976216 0.226864 0.972432 0.216288 0.976757 0.214701
1 0.941622 0.232152 0.939459 0.227393 0.949189 0.223691 0.95027 0.228451
1 0.943784 0.213115 0.945946 0.218403 0.932973 0.223162 0.930811 0.217874
1 0.985946 0.220518 0.981081 0.222105 0.977297 0.210999 0.981622 0.209942
1 0.994054 0.207298 0.989189 0.208355 0.986486 0.197779 0.990811 0.196721
1 0.932973 0.209413 0.930811 0.204654 0.944324 0.198837 0.946486 0.203067
1 0.975676 0.18826 0.976216 0.192491 0.965405 0.195664 0.963243 0.190375
1 0.931892 0.20201 0.92973 0.197779 0.941081 0.192491 0.942703 0.196721
1 0.942703 0.39027 0.938919 0.387097 0.946486 0.379164 0.949189 0.382337
1 0.943784 0.397144 0.940541 0.3945 0.947027 0.386568 0.95027 0.389212
1 0.957297 0.43046 0.954054 0.426758 0.961081 0.420412 0.963784 0.423585
1 0.960541 0.436806 0.956757 0.433633 0.966486 0.423585 0.96973 0.426758
1 0.478919 0.972501 0.477297 0.968271 0.487568 0.966155 0.488649 0.970915
1 0.46973 0.966684 0.475135 0.967742 0.474054 0.978847 0.468649 0.978318
