1 0.2 0.0471402 0.196407 0.0515399 0.186826 0.0427404 0.190419 0.0383407
1 0.243713 0.0345695 0.248503 0.0301697 0.258683 0.0421119 0.253892 0.0458831
1 0.246108 0.0483972 0.242515 0.052797 0.234132 0.0439975 0.237725 0.0395977
1 0.241916 0.052797 0.237126 0.0578253 0.229341 0.0490258 0.233533 0.044626
1 0.235928 0.0584538 0.232335 0.0634821 0.224551 0.0540541 0.228144 0.0496543
1 0.176647 0.104337 0.172455 0.100566 0.179641 0.0923947 0.183234 0.0955374
1 0.192814 0.0364551 0.196407 0.0320553 0.206587 0.0402263 0.202994 0.044626
1 0.202994 0.0263985 0.207186 0.0219987 0.216766 0.0314268 0.212575 0.0364551
0 0.169461 0.0439975 0.163473 0.0377121 0.188024 0.0163419 0.192814 0.0232558
1 0.963473 0.355751 0.961677 0.350094 0.973653 0.348209 0.974251 0.353237
1 0.952695 0.348837 0.959281 0.349466 0.957485 0.363922 0.951497 0.362665
1 0.266467 0.00565682 0.270659 0.00251414 0.28024 0.0144563 0.275449 0.0182275
1 0.273653 0.017599 0.269461 0.0213702 0.261677 0.0106851 0.265868 0.00691389
1 0.269461 0.0226273 0.265868 0.0263985 0.256287 0.0163419 0.260479 0.0125707
1 0.246707 0.0276556 0.251497 0.0232558 0.261078 0.0326838 0.256287 0.0370836
1 0.208383 0.0207417 0.211976 0.0163419 0.220958 0.0245129 0.216168 0.0289126
