1 0.364061 0.929304 0.367401 0.935006 0.355377 0.942417 0.351369 0.937286
1 0.368737 0.936146 0.372077 0.940707 0.362057 0.947548 0.358049 0.943558
1 0.372745 0.941847 0.37809 0.946408 0.366065 0.95439 0.361389 0.950399
1 0.323981 0.957811 0.328657 0.95439 0.338009 0.964082 0.333333 0.967503
1 0.275885 0.950969 0.272545 0.945268 0.285905 0.938426 0.289245 0.944128
1 0.258517 0.959521 0.253841 0.95382 0.268537 0.945268 0.271877 0.950399
1 0.187041 0.705245 0.192385 0.702965 0.199733 0.714367 0.195057 0.717218
1 0.192385 0.718358 0.187041 0.721209 0.179693 0.709806 0.184369 0.706956
1 0.0875084 0.656784 0.0915164 0.651653 0.10354 0.660205 0.0988644 0.664766
1 0.124916 0.738312 0.130261 0.736032 0.136273 0.745724 0.131597 0.748005
1 0.138945 0.72748 0.144957 0.7252 0.151637 0.736032 0.146961 0.738312
1 0.146961 0.678449 0.141617 0.68187 0.133601 0.669897 0.138277 0.667047
1 0.124248 0.677309 0.126921 0.672748 0.138277 0.678449 0.134937 0.68244
1 0.0841683 0.631699 0.0888444 0.629989 0.0948564 0.640821 0.0901804 0.643101
1 0.0748163 0.63512 0.0794923 0.632839 0.0861723 0.642531 0.0801603 0.645382
