1 0.67365 0.417765 0.668278 0.419847 0.667204 0.392783 0.672307 0.391395
1 0.755573 0.623872 0.760408 0.62179 0.761751 0.646079 0.757185 0.648855
1 0.603814 0.852186 0.604889 0.868147 0.59307 0.873005 0.592264 0.857044
1 0.757722 0.609993 0.754499 0.600278 0.764437 0.578765 0.76766 0.590562
1 0.748321 0.542679 0.753425 0.540597 0.755573 0.566273 0.750201 0.569049
1 0.111201 0.877169 0.116035 0.875087 0.11711 0.902151 0.112544 0.903539
1 0.254365 0.854268 0.259468 0.848716 0.262691 0.877863 0.257588 0.883414
1 0.262691 0.853574 0.268869 0.852186 0.269675 0.880638 0.264303 0.88272
1 0.272092 0.84941 0.277196 0.848716 0.276121 0.880638 0.271018 0.880638
1 0.896857 0.855656 0.895783 0.840389 0.907064 0.835531 0.908407 0.852186
1 0.55466 0.631506 0.553854 0.618321 0.564061 0.612075 0.564598 0.625954
1 0.570508 0.580153 0.576685 0.575295 0.57964 0.607217 0.573999 0.611381
1 0.704539 0.565579 0.705345 0.580153 0.69299 0.585704 0.692452 0.571825
1 0.700242 0.516308 0.700779 0.530187 0.690035 0.532269 0.689498 0.519778
1 0.981735 0.678001 0.980124 0.66551 0.989525 0.660652 0.990599 0.674532
1 0.926672 0.700902 0.925866 0.689105 0.936342 0.682859 0.936879 0.696044
1 0.872952 0.599584 0.867849 0.602359 0.866506 0.575295 0.871609 0.573213
1 0.86382 0.603053 0.858447 0.602359 0.859522 0.573213 0.864625 0.573907
