1 0.811734 0.89493 0.797723 0.898604 0.788967 0.875092 0.803853 0.871418
1 0.543783 0.204262 0.537653 0.19324 0.564799 0.182219 0.571804 0.192506
1 0.570053 0.255694 0.562172 0.244673 0.590193 0.229978 0.597198 0.240265
1 0.551664 0.224835 0.545534 0.213079 0.573555 0.201323 0.579685 0.212344
1 0.559545 0.242469 0.550788 0.229978 0.577058 0.216752 0.584939 0.227774
1 0.58669 0.307862 0.577058 0.296841 0.598949 0.280676 0.608581 0.290963
1 0.714536 0.262307 0.69965 0.264511 0.694396 0.240265 0.707531 0.237325
1 0.777583 0.243204 0.762697 0.246877 0.75394 0.221896 0.768827 0.218957
1 0.603327 0.346804 0.594571 0.335048 0.621716 0.316679 0.631349 0.326231
1 0.595447 0.3277 0.585814 0.315944 0.612084 0.29831 0.621716 0.307127
1 0.692644 0.270389 0.676883 0.272594 0.670753 0.244673 0.686515 0.241734
1 0.69965 0.315944 0.683012 0.317414 0.677758 0.290963 0.694396 0.288758
