1 0.320879 0.547137 0.318681 0.532159 0.331868 0.523348 0.334066 0.537445
1 0.313553 0.481057 0.311722 0.465198 0.324176 0.455507 0.326374 0.470485
1 0.351648 0.531278 0.352747 0.513656 0.369963 0.522467 0.368498 0.540969
1 0.361905 0.47489 0.362637 0.459912 0.377289 0.46696 0.376557 0.482819
1 0.346886 0.487225 0.347619 0.472247 0.360806 0.479295 0.360073 0.492511
1 0.374359 0.554185 0.375458 0.540969 0.390842 0.550661 0.389744 0.563877
1 0.357143 0.569163 0.357875 0.555066 0.370696 0.562115 0.369597 0.57533
1 0.374725 0.574449 0.375458 0.561233 0.389744 0.569163 0.388645 0.58326
1 0.332234 0.63348 0.330403 0.617621 0.343223 0.608811 0.345055 0.622907
1 0.441026 0.698678 0.442491 0.713656 0.42967 0.723348 0.428205 0.711013
1 0.436264 0.66696 0.437729 0.681938 0.425275 0.690749 0.423443 0.676652
1 0.309524 0.446696 0.307692 0.431718 0.320879 0.419383 0.321978 0.435242
1 0.304396 0.431718 0.302564 0.414978 0.315385 0.405286 0.317582 0.421145
1 0.30293 0.408811 0.301099 0.394714 0.313187 0.38326 0.314652 0.399119
1 0.350916 0.410573 0.351282 0.394714 0.368498 0.4 0.367033 0.418502
1 0.349084 0.507489 0.349817 0.493392 0.364469 0.498678 0.36337 0.512775
