1 0.805526 0.0312876 0.824655 0.022864 0.83847 0.0649819 0.819341 0.0722022
1 0.862912 0.185319 0.880978 0.175692 0.894793 0.219013 0.87779 0.227437
1 0.31881 0.941035 0.320935 0.963899 0.285866 0.966306 0.284803 0.944645
1 0.582359 0.909747 0.583422 0.932611 0.544102 0.933815 0.543039 0.912154
1 0.533475 0.732852 0.551541 0.725632 0.55898 0.761733 0.545165 0.76775
1 0.782147 0.89651 0.785335 0.918171 0.747078 0.921781 0.746015 0.90012
1 0.141339 0.961492 0.141339 0.981949 0.100956 0.986763 0.0998937 0.967509
1 0.243358 0.945848 0.243358 0.968712 0.20085 0.972323 0.199787 0.950662
1 0.465462 0.796631 0.446334 0.800241 0.436769 0.753309 0.455898 0.748496
1 0.416578 0.651023 0.434644 0.646209 0.44102 0.691937 0.422954 0.695548
1 0.345377 0.669073 0.364506 0.665463 0.369819 0.711191 0.351753 0.712395
0 0.904357 0.303249 0.923486 0.290012 0.94899 0.353791 0.928799 0.364621
