1 0.624759 0.463283 0.621628 0.467405 0.615125 0.460706 0.618256 0.456841
1 0.340077 0.829941 0.342486 0.833548 0.335983 0.839732 0.333815 0.836382
1 0.401734 0.874775 0.399085 0.870394 0.407033 0.86318 0.4092 0.866787
1 0.393064 0.873486 0.395954 0.870137 0.403179 0.877867 0.40053 0.880959
1 0.389451 0.877867 0.392823 0.873744 0.399566 0.880959 0.396195 0.884823
1 0.364644 0.858542 0.367293 0.862149 0.361272 0.868333 0.358141 0.864726
1 0.357659 0.863437 0.355491 0.860861 0.361031 0.854419 0.36368 0.858284
1 0.353805 0.844885 0.356696 0.848493 0.351156 0.854419 0.348025 0.851327
1 0.342967 0.834321 0.346339 0.838444 0.338873 0.845916 0.335742 0.841278
1 0.332611 0.821695 0.335742 0.825045 0.32948 0.830971 0.326349 0.827879
1 0.399326 0.82556 0.401975 0.828652 0.396195 0.835094 0.393545 0.832517
1 0.325626 0.812162 0.328757 0.816284 0.321291 0.823241 0.317919 0.819892
1 0.321532 0.807009 0.324422 0.810873 0.315992 0.818088 0.313584 0.814481
1 0.302987 0.820922 0.307322 0.823499 0.301301 0.832775 0.296965 0.830714
1 0.308285 0.828395 0.311416 0.831744 0.304913 0.838959 0.301541 0.835867
1 0.319846 0.857253 0.316474 0.853646 0.322736 0.846689 0.326108 0.850039
1 0.409923 0.838959 0.412813 0.842566 0.405829 0.849008 0.40342 0.845658
1 0.391618 0.832002 0.388969 0.828395 0.395954 0.821695 0.397881 0.82556
1 0.584778 0.518938 0.587428 0.516104 0.593449 0.523576 0.590318 0.526153
1 0.320568 0.885339 0.322977 0.889719 0.315751 0.895645 0.312861 0.892553
1 0.308285 0.965988 0.304672 0.968822 0.299615 0.960062 0.303227 0.957485
1 0.34369 0.972945 0.340077 0.975779 0.33526 0.968049 0.338632 0.965215
1 0.348988 0.955424 0.351879 0.953105 0.358622 0.961608 0.355973 0.964184
1 0.35236 0.952847 0.355491 0.94924 0.361513 0.95697 0.358622 0.959804
1 0.355973 0.948982 0.359104 0.945117 0.364884 0.952074 0.362235 0.955939
1 0.317437 0.952074 0.321291 0.948982 0.326108 0.955939 0.322495 0.959289
1 0.282274 0.891265 0.285645 0.887915 0.291667 0.894872 0.289017 0.897964
1 0.300819 0.914455 0.303709 0.918062 0.297206 0.924762 0.294316 0.92167
1 0.388006 0.827622 0.385597 0.824272 0.391378 0.818088 0.393786 0.821438
1 0.342245 0.739758 0.346821 0.741819 0.343449 0.752641 0.338632 0.751095
1 0.339836 0.768359 0.342245 0.772481 0.334056 0.779954 0.331166 0.776089
1 0.354287 0.788199 0.351156 0.784334 0.358622 0.777377 0.361513 0.780984
1 0.364162 0.786911 0.36657 0.790518 0.360308 0.796444 0.3579 0.79361
1 0.380539 0.797217 0.377649 0.79361 0.384393 0.787168 0.386561 0.790776
1 0.372592 0.793095 0.375241 0.797217 0.367775 0.804947 0.365125 0.801082
1 0.385356 0.824272 0.382707 0.820665 0.388006 0.814738 0.390655 0.818088
1 0.288776 0.953363 0.292389 0.950013 0.297688 0.958001 0.294798 0.961093
1 0.296484 0.964184 0.293112 0.967534 0.287091 0.958516 0.289981 0.955424
1 0.288295 0.997939 0.285405 0.993816 0.293112 0.986344 0.296002 0.989951
1 0.602842 0.980417 0.605973 0.977325 0.61368 0.986344 0.611272 0.989693
1 0.743738 0.690286 0.740848 0.693636 0.732659 0.684617 0.735549 0.681268
1 0.750723 0.688998 0.747592 0.69209 0.740125 0.682556 0.743256 0.679722
1 0.725434 0.89178 0.727842 0.895645 0.721098 0.902345 0.718449 0.897964
1 0.81262 0.949498 0.809971 0.952847 0.802987 0.944602 0.80684 0.941252
1 0.797929 0.91832 0.800578 0.921412 0.794557 0.927596 0.791908 0.923216
1 0.785886 0.938676 0.782514 0.934553 0.790462 0.926823 0.793834 0.930688
1 0.607418 0.988663 0.604769 0.992012 0.598507 0.985313 0.600915 0.981963
1 0.616811 0.981448 0.61368 0.984282 0.606936 0.976037 0.610549 0.972945
1 0.604769 0.994589 0.601879 0.997939 0.594894 0.989951 0.597784 0.986859
1 0.612717 0.972945 0.615607 0.969595 0.621869 0.976295 0.618497 0.979902
1 0.617775 0.969853 0.618979 0.965215 0.629335 0.971141 0.628131 0.975522
1 0.634152 0.966246 0.63078 0.969853 0.622832 0.959547 0.626927 0.955682
1 0.629576 0.954136 0.632225 0.951044 0.638006 0.958516 0.635597 0.96135
1 0.643545 0.954136 0.640655 0.957228 0.633671 0.949755 0.636802 0.946663
1 0.647399 0.950013 0.644509 0.952847 0.637765 0.94589 0.640655 0.942798
1 0.6421 0.942025 0.64499 0.938933 0.651012 0.945633 0.648603 0.948209
1 0.810934 0.521773 0.813825 0.518165 0.822013 0.527184 0.819123 0.530533
1 0.714836 0.47797 0.717004 0.474362 0.723507 0.479258 0.721098 0.482608
1 0.5908 0.52873 0.587428 0.532079 0.579239 0.523061 0.582611 0.519711
1 0.608863 0.709353 0.605973 0.713218 0.598748 0.705488 0.601397 0.701366
1 0.536368 0.660139 0.533478 0.663746 0.527457 0.657305 0.530347 0.653698
1 0.531551 0.663231 0.528661 0.666065 0.521917 0.659108 0.524807 0.655501
1 0.584056 0.710384 0.586946 0.713991 0.580684 0.720175 0.577553 0.716826
1 0.531069 0.776604 0.52842 0.772739 0.535405 0.766813 0.537813 0.77042
1 0.543112 0.757021 0.546243 0.760629 0.539258 0.768616 0.536127 0.765009
1 0.577312 0.767586 0.57394 0.771193 0.567919 0.763463 0.571291 0.760371
1 0.557563 0.761144 0.552987 0.763463 0.548892 0.753672 0.553227 0.751868
1 0.520472 0.766555 0.517582 0.762948 0.524085 0.756248 0.527216 0.759856
1 0.978083 0.706261 0.978565 0.710899 0.96869 0.711415 0.967967 0.707034
1 0.972062 0.339861 0.975915 0.3378 0.979528 0.345787 0.976397 0.348106
1 0.976638 0.348621 0.98001 0.345787 0.985308 0.356351 0.981936 0.35867
1 0.656792 0.940479 0.653902 0.94486 0.645231 0.937903 0.648362 0.93378
1 0.572013 0.984282 0.574422 0.98789 0.569605 0.993816 0.566715 0.990466
1 0.262524 0.981706 0.265655 0.978098 0.271676 0.985828 0.268304 0.989436
1 0.481214 0.935068 0.483382 0.93816 0.47736 0.945117 0.474952 0.942025
1 0.449904 0.898737 0.453035 0.902345 0.446532 0.909302 0.443642 0.905437
1 0.453035 0.904406 0.455684 0.908013 0.449422 0.914455 0.447013 0.91059
1 0.456407 0.908529 0.459056 0.912136 0.453035 0.917805 0.450385 0.914455
1 0.456407 0.923731 0.453035 0.919351 0.460019 0.912651 0.462909 0.916516
1 0.463391 0.916259 0.466281 0.920124 0.46026 0.926308 0.45737 0.922443
1 0.467004 0.920124 0.469412 0.923989 0.464114 0.930173 0.461224 0.92605
1 0.467245 0.934295 0.464355 0.931203 0.470376 0.924246 0.473025 0.927338
1 0.503131 0.970884 0.5 0.974233 0.494701 0.967276 0.497592 0.964184
1 0.564547 0.991755 0.561416 0.987632 0.56816 0.979644 0.571532 0.984025
1 0.429913 0.9647 0.432322 0.968822 0.424855 0.976552 0.421965 0.97243
1 0.429191 0.979902 0.426541 0.976552 0.433285 0.968822 0.436416 0.97243
1 0.436416 0.988405 0.433767 0.98454 0.441474 0.977325 0.444123 0.981448
1 0.433285 0.98454 0.430154 0.980933 0.436898 0.974233 0.440029 0.978098
1 0.45183 0.723783 0.455202 0.723783 0.454721 0.733574 0.450626 0.733831
1 0.432081 0.729451 0.434971 0.726102 0.442678 0.734347 0.439788 0.737954
1 0.436175 0.72404 0.439306 0.720691 0.445809 0.728678 0.442678 0.732028
1 0.445087 0.894615 0.447977 0.897964 0.441956 0.904921 0.438825 0.902345
1 0.438102 0.8874 0.441233 0.891007 0.435212 0.897449 0.43184 0.893842
1 0.494942 0.934811 0.491811 0.939191 0.482177 0.928111 0.485308 0.924246
0 0.546965 0.842309 0.543112 0.836898 0.55395 0.826591 0.558285 0.831229
1 0.564788 0.97681 0.567197 0.979902 0.56238 0.986086 0.559489 0.982994
1 0.534682 0.99562 0.532274 0.992528 0.538295 0.985828 0.540944 0.989951
1 0.561898 0.972945 0.564306 0.976295 0.558285 0.982221 0.555877 0.978871
1 0.558526 0.968822 0.561175 0.973203 0.553468 0.980675 0.550819 0.977068
1 0.554432 0.965473 0.557563 0.96908 0.551301 0.975264 0.548651 0.972172
1 0.551301 0.962123 0.55395 0.965215 0.548651 0.971657 0.545761 0.968565
1 0.545761 0.967534 0.543353 0.964184 0.548892 0.957743 0.551301 0.960835
1 0.544798 0.95362 0.547688 0.957228 0.541426 0.963927 0.538536 0.96032
1 0.541185 0.949755 0.544075 0.953105 0.537813 0.959804 0.535164 0.956455
1 0.537331 0.945633 0.539981 0.948725 0.533719 0.954909 0.53131 0.951817
1 0.529624 0.951817 0.526975 0.947952 0.534682 0.940995 0.537572 0.944602
1 0.531069 0.937387 0.533719 0.940222 0.526975 0.946921 0.524566 0.943571
1 0.528179 0.932492 0.530829 0.935841 0.524807 0.942025 0.522158 0.939191
1 0.526734 0.987117 0.523844 0.983509 0.529383 0.977583 0.532514 0.980933
1 0.584056 0.853904 0.587428 0.858284 0.579721 0.865241 0.57659 0.861118
