1 0.852557 0.164878 0.855682 0.170601 0.847159 0.1799 0.844034 0.174177
1 0.873864 0.141631 0.871023 0.136624 0.880398 0.12804 0.882955 0.13269
1 0.28892 0.76824 0.292045 0.77289 0.284943 0.782189 0.281818 0.77897
1 0.252273 0.758584 0.248864 0.753577 0.257102 0.743562 0.259943 0.749285
1 0.259943 0.726037 0.263636 0.731044 0.255682 0.741774 0.25142 0.737482
1 0.335795 0.839771 0.339773 0.844421 0.332102 0.853362 0.328977 0.84907
1 0.377841 0.875179 0.380966 0.881259 0.371307 0.891631 0.367898 0.885908
1 0.373864 0.998569 0.371307 0.992847 0.379545 0.985336 0.382955 0.990701
1 0.38125 0.98176 0.377273 0.979971 0.380966 0.968884 0.384659 0.970315
1 0.721023 0.888412 0.71733 0.883047 0.725852 0.872318 0.729545 0.876967
1 0.325284 0.438126 0.327841 0.442418 0.32017 0.451717 0.31733 0.447425
1 0.290341 0.390558 0.293182 0.396996 0.285511 0.405937 0.282386 0.400215
1 0.314205 0.35372 0.317898 0.359084 0.309943 0.369099 0.30625 0.364449
1 0.328977 0.358727 0.331534 0.363734 0.32358 0.371602 0.320739 0.366237
1 0.294034 0.317954 0.297443 0.323677 0.288636 0.333691 0.285511 0.328326
1 0.2875 0.313662 0.291193 0.317954 0.283807 0.330472 0.280398 0.326896
1 0.58608 0.251788 0.58892 0.257153 0.57983 0.265737 0.576705 0.260014
1 0.61392 0.389485 0.617045 0.393777 0.610795 0.403433 0.607386 0.398784
1 0.623295 0.402003 0.61875 0.396996 0.62642 0.385908 0.62983 0.391631
1 0.684943 0.395207 0.687784 0.40093 0.678409 0.410229 0.675568 0.403791
1 0.657386 0.427396 0.660511 0.434192 0.65142 0.442775 0.647727 0.436695
1 0.667898 0.472818 0.664773 0.467811 0.673295 0.457439 0.67642 0.462446
1 0.725852 0.5397 0.722727 0.534335 0.730398 0.523963 0.733523 0.529328
1 0.731534 0.548999 0.728693 0.543276 0.73892 0.531831 0.741477 0.537196
1 0.736932 0.55329 0.732955 0.547926 0.741477 0.536481 0.745739 0.542918
1 0.921023 0.637339 0.924432 0.642346 0.917045 0.650215 0.912784 0.645565
1 0.944034 0.618383 0.940625 0.612661 0.949432 0.602289 0.952557 0.607654
1 0.976705 0.569027 0.979545 0.574034 0.971875 0.582976 0.96875 0.578684
1 0.944034 0.345136 0.940057 0.34907 0.932955 0.339413 0.936932 0.334764
1 0.01875 0.652718 0.0227273 0.650215 0.028125 0.662732 0.0238636 0.665594
1 0.138636 0.63269 0.134659 0.637339 0.128409 0.627325 0.132386 0.621602
1 0.160795 0.596567 0.164205 0.602647 0.153977 0.613019 0.150852 0.606938
1 0.151705 0.59299 0.15483 0.597639 0.148011 0.606223 0.144886 0.602289
1 0.120739 0.566524 0.123864 0.571531 0.115341 0.581545 0.112216 0.577253
