1 0.929217 0.114286 0.919428 0.10559 0.940512 0.0881988 0.948042 0.0956522
1 0.948795 0.862112 0.939006 0.865839 0.929217 0.843478 0.940512 0.840994
1 0.179217 0.0130435 0.190512 0.00559006 0.211596 0.0291925 0.199548 0.0354037
1 0.192018 0.00559006 0.20256 0.000621118 0.218373 0.0173913 0.21009 0.0229814
1 0.204066 0.0397516 0.215361 0.0329193 0.231928 0.0503106 0.222892 0.057764
1 0.0670181 0.182609 0.0722892 0.175776 0.0948795 0.185093 0.0903614 0.193789
1 0.0534639 0.191925 0.0587349 0.182609 0.0858434 0.195652 0.0775602 0.204969
1 0.208584 0.328571 0.198795 0.336646 0.177711 0.31677 0.188253 0.309938
1 0.119729 0.402484 0.114458 0.411801 0.0911145 0.403106 0.0963855 0.39441
1 0.108434 0.472671 0.103163 0.481988 0.0753012 0.473292 0.0813253 0.463975
1 0.939006 0.869565 0.949548 0.86646 0.958584 0.888199 0.949548 0.891304
