1 0.967515 0.435826 0.963126 0.421053 0.99122 0.408126 0.996488 0.422899
1 0.951712 0.43952 0.95698 0.45614 0.920105 0.467221 0.915716 0.45337
1 0.178227 0.460757 0.179982 0.475531 0.149254 0.478301 0.147498 0.464451
1 0.841967 0.815328 0.855136 0.824561 0.835821 0.852262 0.822651 0.843952
1 0.964004 0.915051 0.975417 0.923361 0.956102 0.951062 0.946444 0.944598
1 0.960492 0.418283 0.956102 0.400739 0.989464 0.391505 0.994732 0.406279
1 0.963126 0.477378 0.967515 0.493075 0.938543 0.502308 0.934153 0.486611
1 0.929763 0.270545 0.946444 0.265005 0.955224 0.304709 0.939421 0.309326
1 0.935909 0.939058 0.923617 0.929825 0.940299 0.903047 0.95259 0.911357
1 0.841089 0.973223 0.827919 0.964912 0.845478 0.935365 0.858648 0.945522
1 0.955224 0.397969 0.949956 0.381348 0.984197 0.373038 0.987709 0.388735
1 0.946444 0.377655 0.94381 0.363804 0.976295 0.354571 0.981563 0.367498
1 0.908692 0.392428 0.90518 0.378578 0.934153 0.369344 0.938543 0.383195
