1 0.860684 0.886924 0.855983 0.892043 0.841453 0.875756 0.845726 0.870638
1 0.831197 0.984179 0.825214 0.990693 0.814957 0.978129 0.819658 0.97208
1 0.940171 0.838064 0.944444 0.83248 0.956838 0.84551 0.951709 0.850628
1 0.932051 0.870638 0.92735 0.876687 0.916667 0.865519 0.921368 0.859935
1 0.920085 0.885993 0.915812 0.891577 0.903846 0.879479 0.908547 0.872964
1 0.847436 0.869707 0.852564 0.864123 0.863248 0.876687 0.858547 0.88134
1 0.818803 0.903676 0.823077 0.898092 0.834615 0.910191 0.830342 0.915309
1 0.847863 0.896696 0.842308 0.90228 0.830769 0.890647 0.835043 0.884597
1 0.770085 0.985109 0.764103 0.991159 0.751282 0.976268 0.756838 0.970219
1 0.770085 0.955793 0.775214 0.949279 0.789316 0.9651 0.784615 0.970684
1 0.806838 0.917636 0.811538 0.911587 0.824359 0.924616 0.819658 0.9302
1 0.848291 0.934853 0.852564 0.929269 0.865385 0.943229 0.861966 0.948813
1 0.844017 0.943229 0.847863 0.937645 0.860256 0.95114 0.856838 0.956724
1 0.838034 0.949744 0.84188 0.94416 0.853846 0.955793 0.85 0.960912
1 0.833333 0.956724 0.837607 0.951605 0.847863 0.962773 0.844017 0.968357
1 0.842308 0.970219 0.837179 0.976268 0.826068 0.963239 0.831197 0.957655
1 0.818803 0.969753 0.823504 0.963239 0.83547 0.976733 0.831197 0.982317
1 0.977778 0.825966 0.973504 0.83248 0.961538 0.819916 0.966239 0.813867
1 0.961966 0.838064 0.957265 0.844114 0.944872 0.83155 0.949145 0.825966
1 0.950855 0.787343 0.946154 0.793858 0.932479 0.778036 0.937179 0.771987
1 0.837179 0.883201 0.840598 0.879013 0.852137 0.890647 0.848291 0.894835
1 0.984615 0.820847 0.980342 0.8255 0.97094 0.814798 0.975641 0.81061
1 0.824786 0.896696 0.828632 0.892043 0.839744 0.902745 0.83547 0.907399
1 0.812393 0.908795 0.815812 0.904607 0.828205 0.917636 0.824359 0.921824
1 0.800855 0.923685 0.804701 0.918101 0.819231 0.932992 0.814957 0.938576
1 0.794017 0.9302 0.798291 0.924616 0.813248 0.939972 0.808974 0.945091
1 0.759402 0.970219 0.763675 0.964635 0.776923 0.979525 0.77265 0.984644
1 0.764957 0.963239 0.769231 0.958585 0.782906 0.973011 0.77906 0.978595
1 0.87094 0.934853 0.865812 0.940903 0.854701 0.926943 0.858974 0.921824
1 0.861966 0.921824 0.865812 0.91624 0.878632 0.929269 0.873932 0.934388
1 0.883333 0.922755 0.879487 0.926943 0.867521 0.915309 0.871795 0.910191
1 0.87906 0.864123 0.873504 0.869707 0.861111 0.856212 0.865812 0.850628
1 0.925214 0.876687 0.92094 0.882271 0.909402 0.870172 0.913675 0.864588
1 0.936752 0.862727 0.932479 0.868776 0.920513 0.856212 0.925641 0.851094
1 0.942308 0.855747 0.938462 0.861331 0.927778 0.850628 0.932479 0.844579
1 0.950855 0.851559 0.947009 0.856678 0.934615 0.844114 0.939316 0.83946
1 0.969231 0.83248 0.964103 0.838064 0.949145 0.822708 0.954274 0.817124
1 0.957692 0.780828 0.952564 0.786878 0.939744 0.771522 0.944872 0.765938
1 0.896581 0.81759 0.901282 0.812006 0.914103 0.826431 0.909402 0.83155
1 0.904274 0.81154 0.908547 0.805956 0.92094 0.819916 0.916239 0.8255
1 0.937179 0.798511 0.933333 0.802699 0.923077 0.791996 0.926496 0.787343
1 0.942735 0.791531 0.939744 0.796184 0.92735 0.785016 0.932051 0.779432
1 0.966667 0.764076 0.962393 0.769195 0.950427 0.757096 0.954701 0.751512
1 0.991453 0.738483 0.986752 0.744067 0.976068 0.731503 0.981197 0.727315
1 0.986325 0.744998 0.981624 0.750116 0.969658 0.736622 0.973504 0.732899
1 0.978632 0.751512 0.974359 0.7557 0.964103 0.744067 0.968376 0.739879
1 0.956838 0.749651 0.961111 0.744998 0.972222 0.756166 0.968376 0.762215
1 0.873077 0.871103 0.868376 0.878083 0.85812 0.86738 0.862393 0.8604
1 0.898718 0.84551 0.893162 0.85249 0.879487 0.837599 0.885043 0.831084
1 0.932051 0.804095 0.926496 0.81061 0.91453 0.798046 0.919658 0.791531
1 0.909402 0.804095 0.914103 0.798511 0.923504 0.809214 0.918803 0.814798
1 0.947436 0.765938 0.951282 0.761284 0.961538 0.773383 0.957692 0.777571
