1 0.696623 0.0705882 0.693355 0.0647059 0.711874 0.0571429 0.714597 0.0638655
1 0.770697 0.052521 0.775054 0.0592437 0.75817 0.0647059 0.754357 0.0584034
1 0.67756 0.0390756 0.673203 0.0327731 0.691721 0.0247899 0.696078 0.0310924
1 0.669935 0.0285714 0.665577 0.0218487 0.683007 0.0151261 0.687908 0.0214286
1 0.6939 0.0613445 0.690087 0.0558824 0.705338 0.0495798 0.708606 0.055042
1 0.703159 0.0777311 0.699891 0.0710084 0.715142 0.0655462 0.71841 0.0714286
1 0.818083 0.131092 0.82244 0.138655 0.803377 0.145798 0.798475 0.139496
1 0.783224 0.214286 0.778867 0.207983 0.796841 0.20084 0.800654 0.207143
1 0.765795 0.186555 0.761983 0.179832 0.778322 0.173109 0.782135 0.179412
1 0.845861 0.179412 0.850218 0.186134 0.834423 0.192857 0.829521 0.186555
1 0.850763 0.187395 0.854575 0.194538 0.838235 0.20042 0.833333 0.194118
1 0.857298 0.195798 0.861111 0.203361 0.844227 0.209664 0.839325 0.202941
1 0.8622 0.205462 0.866558 0.212185 0.850218 0.218487 0.845316 0.211765
1 0.784858 0.259244 0.789216 0.265546 0.775054 0.272689 0.770697 0.266387
1 0.8622 0.313445 0.858388 0.307563 0.875272 0.301681 0.87854 0.308403
1 0.876362 0.338655 0.872004 0.332353 0.892702 0.32479 0.896514 0.331513
1 0.706427 0.0869748 0.70207 0.0806723 0.717865 0.0739496 0.721133 0.0806723
1 0.769608 0.342017 0.777233 0.337815 0.787037 0.35042 0.779956 0.354202
1 0.752723 0.35084 0.759804 0.347059 0.770153 0.361765 0.761983 0.365546
1 0.757081 0.363866 0.749455 0.367227 0.740741 0.355042 0.748366 0.351261
1 0.715686 0.401261 0.72549 0.397479 0.733115 0.411765 0.723856 0.415126
1 0.921024 0.436555 0.912854 0.439916 0.904139 0.42605 0.911765 0.422269
1 0.909586 0.441597 0.90305 0.444118 0.894336 0.431513 0.901961 0.427731
0 0.761438 0.664286 0.751089 0.668487 0.738562 0.648319 0.748366 0.644118
1 0.952614 0.368067 0.944444 0.371008 0.936275 0.356303 0.944989 0.353361
1 0.803377 0.396218 0.794662 0.39958 0.785403 0.384874 0.793573 0.381933
1 0.879085 0.346639 0.874728 0.338655 0.893246 0.332353 0.896514 0.339916
1 0.87037 0.329832 0.867102 0.322689 0.884532 0.316807 0.887255 0.323109
1 0.866013 0.321008 0.862745 0.314706 0.880174 0.308824 0.883987 0.315126
1 0.788126 0.221849 0.784314 0.216387 0.799564 0.209664 0.803922 0.215126
1 0.789216 0.231513 0.786492 0.22605 0.802832 0.219328 0.8061 0.22521
1 0.770697 0.194538 0.765795 0.187395 0.783769 0.179832 0.788126 0.186555
1 0.759804 0.178151 0.755991 0.172689 0.778322 0.163866 0.78159 0.169748
1 0.755991 0.168487 0.751634 0.162185 0.771786 0.155042 0.77451 0.160924
1 0.751634 0.160924 0.747821 0.155882 0.760893 0.148739 0.765795 0.154622
1 0.83878 0.172689 0.843137 0.178992 0.826797 0.186555 0.821895 0.180252
1 0.724401 0.0810924 0.727669 0.0882353 0.71024 0.0941176 0.706972 0.087395
1 0.765795 0.0441176 0.770153 0.0504202 0.753813 0.0558824 0.749455 0.05
1 0.940632 0.426471 0.933007 0.430252 0.924292 0.418487 0.931917 0.415126
1 0.931917 0.432353 0.924292 0.435294 0.916122 0.421849 0.923203 0.418908
1 0.918845 0.368067 0.927015 0.365126 0.93573 0.377731 0.92756 0.381092
1 0.856209 0.377731 0.849129 0.380672 0.840414 0.367647 0.847495 0.364706
1 0.768519 0.406303 0.761438 0.409244 0.753268 0.396639 0.760893 0.392857
1 0.782135 0.405042 0.77451 0.407983 0.764706 0.394538 0.771786 0.391597
1 0.792484 0.40042 0.783769 0.403782 0.776144 0.390336 0.784314 0.387395
1 0.813181 0.392017 0.805011 0.394958 0.795752 0.380672 0.803922 0.377731
1 0.823529 0.387395 0.816449 0.390336 0.807734 0.37605 0.814815 0.373529
1 0.834967 0.384034 0.827342 0.387395 0.818083 0.37395 0.825708 0.371429
1 0.845316 0.380672 0.837691 0.383613 0.828431 0.369748 0.835512 0.367227
1 0.866558 0.371429 0.859477 0.37479 0.850218 0.362185 0.857298 0.358824
1 0.948257 0.355042 0.956427 0.351681 0.966776 0.364706 0.95915 0.368067
1 0.876906 0.369328 0.87037 0.371849 0.862745 0.360924 0.869826 0.357563
1 0.868736 0.385294 0.875817 0.381933 0.883442 0.395378 0.876362 0.397899
1 0.877996 0.381513 0.88671 0.378151 0.895969 0.394118 0.88671 0.397479
1 0.889978 0.379832 0.898693 0.37605 0.905773 0.389496 0.897603 0.392437
1 0.899237 0.37479 0.907952 0.371849 0.913943 0.384454 0.906318 0.386975
1 0.924837 0.381513 0.917211 0.384874 0.908497 0.372269 0.916122 0.368908
1 0.928649 0.362185 0.936275 0.359664 0.943355 0.372269 0.93573 0.37479
