1 0.153922 0.772178 0.15 0.771903 0.15098 0.768882 0.154575 0.768882
1 0.17451 0.264488 0.175817 0.26284 0.18268 0.263389 0.181373 0.264762
1 0.148693 0.186075 0.152288 0.186075 0.151961 0.188822 0.148693 0.189096
1 0.287582 0.0174403 0.29183 0.0174403 0.291503 0.0205987 0.288562 0.0205987
1 0.218301 0.0358418 0.221242 0.0359791 0.220915 0.0385883 0.218301 0.038451
1 0.281046 0.043944 0.284641 0.0440813 0.284641 0.0466905 0.281373 0.0466905
1 0.333333 0.0491623 0.331046 0.0491623 0.331046 0.0465531 0.333333 0.0461412
1 0.346732 0.0552046 0.35 0.05493 0.35098 0.0575391 0.346405 0.0578138
1 0.35 0.0520461 0.353922 0.0520461 0.353268 0.0547926 0.349346 0.0547926
1 0.356209 0.0514968 0.359804 0.0514968 0.359477 0.0546553 0.356536 0.0546553
1 0.365359 0.0519088 0.369281 0.0516342 0.369608 0.0546553 0.365359 0.0547926
1 0.371569 0.0520461 0.375817 0.0516342 0.37549 0.0543807 0.372222 0.0543807
1 0.339869 0.0612469 0.343791 0.0611096 0.343464 0.0639934 0.339869 0.0642681
1 0.352288 0.0609723 0.356209 0.0609723 0.355882 0.0639934 0.351961 0.0639934
1 0.225817 0.0700357 0.229739 0.0700357 0.229085 0.0727822 0.225817 0.0727822
1 0.218954 0.0619335 0.215686 0.0620709 0.216013 0.0597363 0.218954 0.0597363
1 0.226797 0.0347432 0.228758 0.0346059 0.229085 0.0372151 0.226471 0.0373524
1 0.226797 0.0282889 0.223529 0.0282889 0.223856 0.0255424 0.226471 0.0255424
