0 0.730859 0.399468 0.730191 0.402127 0.720996 0.399136 0.722166 0.396145
0 0.732531 0.394982 0.731695 0.397807 0.722668 0.395148 0.723671 0.391825
0 0.701103 0.448986 0.7001 0.445829 0.710465 0.442672 0.711635 0.445995
0 0.7001 0.444998 0.698596 0.44101 0.708793 0.437853 0.709963 0.44101
0 0.698596 0.439847 0.697091 0.436191 0.706954 0.432702 0.708292 0.436191
0 0.696924 0.435028 0.69542 0.431705 0.705115 0.428548 0.706286 0.431705
0 0.712471 0.435194 0.711133 0.432037 0.721331 0.428548 0.722166 0.431206
0 0.711133 0.43104 0.709963 0.427883 0.722835 0.42323 0.723838 0.426886
0 0.707623 0.422898 0.706286 0.419575 0.715145 0.416251 0.716148 0.419907
0 0.735206 0.389498 0.733868 0.392988 0.724674 0.390163 0.726011 0.386673
