1 0.868412 0.167326 0.865055 0.169022 0.856999 0.161108 0.86002 0.159412
1 0.882511 0.171849 0.879825 0.17411 0.869755 0.166196 0.873112 0.163934
1 0.899295 0.159412 0.896274 0.162521 0.88721 0.15489 0.889896 0.152063
1 0.87714 0.145845 0.880832 0.143301 0.887882 0.149802 0.883854 0.152063
1 0.481034 0.964387 0.475999 0.96156 0.486741 0.952233 0.490769 0.955342
1 0.478348 0.490107 0.475327 0.492369 0.4666 0.48502 0.469285 0.482476
1 0.512924 0.451385 0.516281 0.448841 0.524001 0.455907 0.52098 0.458168
1 0.542128 0.441775 0.539107 0.444319 0.530379 0.437253 0.533065 0.434709
1 0.460557 0.422272 0.456529 0.419446 0.465928 0.41238 0.469285 0.415489
1 0.239342 0.79706 0.243035 0.800452 0.235314 0.807236 0.231286 0.803844
1 0.152064 0.0429621 0.156764 0.0429621 0.156093 0.05342 0.151057 0.05342
