1 0.568347 0.905046 0.568511 0.902294 0.574769 0.902905 0.574934 0.905046
1 0.563406 0.936239 0.560935 0.936391 0.561594 0.930581 0.5639 0.930734
1 0.733696 0.899847 0.736495 0.899694 0.736001 0.905199 0.733696 0.905352
1 0.711298 0.867737 0.708498 0.867584 0.708992 0.862691 0.711133 0.862691
1 0.714921 0.868502 0.712121 0.868502 0.712945 0.861621 0.715415 0.861468
1 0.72365 0.868043 0.720685 0.868349 0.721509 0.861774 0.723814 0.861774
1 0.707345 0.902446 0.704875 0.902599 0.70504 0.897706 0.707675 0.897706
1 0.710474 0.902905 0.708333 0.902905 0.708498 0.898318 0.710804 0.898165
1 0.72085 0.904434 0.718379 0.90474 0.718379 0.899388 0.720685 0.899235
1 0.726943 0.90474 0.724473 0.904587 0.724473 0.899235 0.726449 0.89893
1 0.729578 0.905046 0.727602 0.905199 0.727767 0.899694 0.729743 0.899541
1 0.733037 0.905046 0.730567 0.905046 0.731225 0.899847 0.733366 0.900153
1 0.737154 0.900153 0.739954 0.900153 0.739789 0.90474 0.737319 0.90474
1 0.663373 0.89526 0.665679 0.894954 0.665679 0.900306 0.663538 0.900459
1 0.743248 0.905505 0.740613 0.90581 0.740942 0.900153 0.742918 0.9
1 0.746212 0.905352 0.744236 0.905352 0.743742 0.900612 0.746047 0.900612
1 0.749671 0.905963 0.747365 0.906269 0.747365 0.90107 0.749506 0.900765
1 0.753458 0.906422 0.750823 0.906422 0.751153 0.90107 0.753458 0.901223
1 0.735178 0.883333 0.732872 0.883486 0.732872 0.878135 0.735343 0.878287
1 0.732378 0.884862 0.735178 0.885321 0.734684 0.891284 0.732213 0.891437
1 0.744895 0.890673 0.742095 0.890673 0.742589 0.884557 0.74473 0.884557
1 0.740942 0.88945 0.738472 0.889602 0.738801 0.884709 0.741271 0.884557
1 0.741436 0.883945 0.738966 0.884251 0.739625 0.879205 0.74193 0.879205
1 0.707181 0.868349 0.70504 0.868196 0.705534 0.861927 0.708169 0.861927
1 0.703887 0.866667 0.701581 0.866667 0.70224 0.861774 0.704381 0.861927
1 0.700264 0.866667 0.697628 0.86682 0.697958 0.860398 0.700264 0.860398
1 0.719038 0.888532 0.716403 0.888532 0.716403 0.88318 0.718709 0.882875
1 0.67276 0.901529 0.670619 0.901835 0.670949 0.897095 0.672925 0.896789
1 0.674242 0.896024 0.677207 0.895872 0.676713 0.901988 0.673748 0.901835
1 0.674078 0.879052 0.671772 0.878899 0.671937 0.873089 0.674736 0.873089
1 0.671772 0.880581 0.673748 0.880734 0.673913 0.885627 0.671607 0.886086
1 0.66469 0.865596 0.661726 0.865749 0.661891 0.858716 0.66469 0.858563
1 0.667325 0.865291 0.665679 0.865291 0.665679 0.859786 0.667819 0.859633
1 0.672101 0.866208 0.669302 0.866667 0.669302 0.85948 0.671772 0.859327
1 0.675066 0.864679 0.672925 0.864985 0.673254 0.858563 0.675395 0.85841
1 0.676548 0.859939 0.679183 0.860245 0.678854 0.865138 0.676877 0.865443
1 0.67803 0.853517 0.680336 0.85367 0.680007 0.859021 0.677372 0.859327
1 0.675725 0.880581 0.678195 0.880581 0.678195 0.886086 0.67556 0.886239
1 0.689229 0.898318 0.686594 0.897401 0.689559 0.892813 0.6917 0.893884
1 0.701087 0.902294 0.698617 0.902294 0.698781 0.897554 0.700922 0.897401
1 0.703887 0.902599 0.701746 0.902599 0.70191 0.897706 0.704051 0.897401
1 0.69664 0.881804 0.698781 0.881651 0.698452 0.887462 0.695652 0.887309
1 0.699769 0.881957 0.702404 0.88211 0.70224 0.887156 0.700099 0.887309
1 0.703557 0.882722 0.706357 0.882569 0.706028 0.887768 0.703722 0.887615
1 0.719532 0.860703 0.716568 0.86055 0.716897 0.85474 0.719532 0.854893
1 0.712121 0.88792 0.709816 0.88792 0.70998 0.88318 0.71278 0.883028
1 0.747859 0.89052 0.745389 0.890367 0.745553 0.884862 0.748024 0.884862
1 0.730072 0.861621 0.727767 0.861774 0.727931 0.856575 0.730237 0.856728
1 0.73386 0.861927 0.731061 0.862232 0.73139 0.85581 0.734025 0.855657
1 0.79776 0.893272 0.79529 0.894037 0.794631 0.888685 0.796772 0.888379
1 0.799407 0.88578 0.797101 0.886391 0.796278 0.88104 0.798419 0.880428
1 0.801383 0.893119 0.798748 0.893578 0.797266 0.887462 0.799736 0.88685
1 0.804018 0.884862 0.801713 0.885627 0.800066 0.880428 0.801713 0.879969
1 0.80863 0.889297 0.806489 0.890367 0.804513 0.885627 0.806324 0.884557
1 0.759552 0.906269 0.756752 0.905963 0.757246 0.901223 0.759387 0.90107
1 0.762846 0.906575 0.76054 0.906422 0.76087 0.901835 0.763011 0.901835
1 0.769598 0.906728 0.767292 0.906728 0.767292 0.901835 0.768939 0.901529
1 0.772727 0.907034 0.770092 0.906728 0.770422 0.901988 0.772398 0.901988
1 0.77915 0.907492 0.776515 0.907187 0.777174 0.903211 0.778986 0.903058
1 0.821476 0.900612 0.81917 0.901682 0.816535 0.896942 0.818676 0.895719
1 0.887352 0.95 0.88554 0.948471 0.890152 0.944495 0.891634 0.94633
1 0.885375 0.947095 0.883235 0.945566 0.887681 0.942508 0.888505 0.944037
1 0.884387 0.939602 0.886199 0.940979 0.882246 0.944343 0.880764 0.942661
1 0.882576 0.936544 0.884058 0.938685 0.88027 0.94159 0.8778 0.939602
1 0.878129 0.938532 0.876812 0.937615 0.880435 0.934709 0.881423 0.936086
1 0.875329 0.937156 0.873353 0.935168 0.878953 0.931346 0.880435 0.93318
1 0.872859 0.933639 0.870883 0.93211 0.875329 0.928593 0.876318 0.930581
1 0.867918 0.930122 0.865942 0.928287 0.870883 0.923242 0.872859 0.925076
1 0.867589 0.921254 0.86973 0.922783 0.865777 0.926911 0.863472 0.925382
1 0.795455 0.887003 0.792819 0.887462 0.792161 0.882722 0.794631 0.88211
1 0.782773 0.858716 0.78475 0.859174 0.78475 0.863914 0.782609 0.863761
1 0.737978 0.861774 0.734519 0.861774 0.735507 0.856116 0.737978 0.856116
1 0.787879 0.888532 0.78969 0.888379 0.789526 0.893884 0.78722 0.89419
1 0.750988 0.890214 0.748518 0.890367 0.749012 0.884557 0.750988 0.884557
1 0.754776 0.890214 0.752141 0.890061 0.752635 0.885474 0.754611 0.885168
1 0.754941 0.884404 0.752635 0.884404 0.752964 0.878135 0.755599 0.878287
1 0.75807 0.886239 0.76054 0.886239 0.760046 0.891284 0.757576 0.891284
1 0.763834 0.890979 0.761199 0.890979 0.761364 0.886391 0.763999 0.886391
1 0.770092 0.892049 0.767787 0.892355 0.768281 0.886697 0.770586 0.886697
1 0.77108 0.886697 0.774045 0.886697 0.773715 0.89159 0.77141 0.891896
1 0.774209 0.885627 0.771574 0.885474 0.771739 0.880581 0.774374 0.880734
1 0.777009 0.892202 0.774539 0.892508 0.774868 0.887309 0.776845 0.887309
1 0.755929 0.869725 0.753294 0.869878 0.753294 0.864067 0.755764 0.86422
1 0.75247 0.862538 0.749506 0.862691 0.75 0.857798 0.7528 0.857798
1 0.762187 0.869572 0.759223 0.869725 0.759881 0.86422 0.762022 0.864373
1 0.766304 0.863303 0.764163 0.863609 0.763834 0.85841 0.766304 0.858257
1 0.770422 0.870795 0.767787 0.870795 0.767457 0.864373 0.770586 0.86422
1 0.777503 0.871713 0.774868 0.871254 0.775362 0.866208 0.777668 0.866208
1 0.774209 0.864067 0.771739 0.864526 0.771904 0.858716 0.774539 0.858716
1 0.781785 0.887309 0.783926 0.887309 0.783926 0.892355 0.781291 0.892508
1 0.78195 0.881498 0.78442 0.881193 0.784091 0.886544 0.781785 0.886391
1 0.790514 0.886697 0.787879 0.886697 0.788373 0.881498 0.79002 0.881498
1 0.669137 0.900917 0.666667 0.900917 0.666996 0.896024 0.669302 0.896177
1 0.662714 0.901223 0.659914 0.900917 0.659914 0.895872 0.66222 0.895872
1 0.858531 0.919725 0.856884 0.918349 0.861495 0.914373 0.862648 0.915749
1 0.45224 0.931193 0.453887 0.929969 0.456851 0.934557 0.45471 0.935474
1 0.488142 0.922171 0.486001 0.923089 0.48419 0.917584 0.486331 0.917125
1 0.480567 0.919113 0.482378 0.918349 0.484025 0.922783 0.482378 0.923394
1 0.482213 0.938991 0.479908 0.940061 0.477602 0.934709 0.479908 0.934251
1 0.478755 0.94052 0.476943 0.941437 0.474473 0.936697 0.476449 0.935627
1 0.475132 0.942202 0.473155 0.943119 0.471014 0.938226 0.47365 0.937156
1 0.467721 0.9237 0.469697 0.92263 0.472497 0.927676 0.47052 0.928746
1 0.459816 0.92737 0.461957 0.925841 0.464592 0.930581 0.46278 0.931346
1 0.469203 0.945413 0.466897 0.94633 0.464262 0.942202 0.466074 0.940979
1 0.455204 0.928899 0.457839 0.927523 0.460639 0.932263 0.458663 0.933792
1 0.458004 0.94633 0.459816 0.944801 0.46278 0.949083 0.460804 0.950612
1 0.656456 0.894801 0.658926 0.894954 0.658597 0.900459 0.656291 0.900612
1 0.451087 0.950459 0.452569 0.948777 0.456028 0.952599 0.454381 0.954128
1 0.44944 0.933945 0.450758 0.932569 0.453887 0.936239 0.45224 0.937309
1 0.451252 0.956269 0.44944 0.957492 0.446311 0.95367 0.447628 0.952141
1 0.447299 0.94159 0.445158 0.942966 0.440547 0.937768 0.442358 0.936391
1 0.440382 0.965443 0.438735 0.966667 0.435441 0.962997 0.437253 0.961927
1 0.437418 0.967431 0.435277 0.969113 0.431818 0.964985 0.433959 0.963456
1 0.431489 0.972171 0.429677 0.973853 0.426219 0.969419 0.42836 0.968196
1 0.428854 0.974465 0.427207 0.975688 0.423748 0.97156 0.425066 0.970336
1 0.422101 0.954281 0.423254 0.953058 0.427207 0.956728 0.425395 0.957951
1 0.48913 0.93685 0.487154 0.937462 0.485343 0.932569 0.487319 0.931651
1 0.487648 0.916514 0.489954 0.916208 0.491271 0.920795 0.48946 0.921407
1 0.492589 0.930122 0.49473 0.929817 0.496377 0.935321 0.494401 0.935627
1 0.495553 0.915749 0.497859 0.915138 0.499012 0.919419 0.497365 0.920183
1 0.556324 0.93578 0.554348 0.936086 0.554513 0.930887 0.556818 0.930581
1 0.5611 0.920336 0.558959 0.920489 0.559289 0.916055 0.561265 0.916055
1 0.557642 0.920795 0.555336 0.920642 0.555665 0.915749 0.557971 0.915749
1 0.552701 0.936544 0.550395 0.936544 0.550725 0.931193 0.553195 0.931193
1 0.551219 0.915902 0.553524 0.915749 0.553689 0.921101 0.551054 0.920948
1 0.540349 0.914679 0.542984 0.914832 0.54249 0.920183 0.53969 0.919878
1 0.536561 0.914679 0.539196 0.914832 0.539032 0.919878 0.536397 0.919725
1 0.532773 0.914526 0.535573 0.914373 0.535408 0.919572 0.532773 0.919572
1 0.518445 0.913914 0.520751 0.914067 0.520257 0.919113 0.518116 0.919113
1 0.514493 0.913609 0.516634 0.913303 0.517128 0.918043 0.514822 0.918807
1 0.510375 0.913456 0.512846 0.912844 0.513834 0.919266 0.511528 0.919878
1 0.514822 0.933486 0.513011 0.933792 0.512187 0.928746 0.514163 0.928135
1 0.50807 0.928746 0.510375 0.928287 0.511034 0.933639 0.508729 0.934098
1 0.507246 0.933945 0.505105 0.934709 0.504776 0.929358 0.506917 0.929205
1 0.507246 0.914067 0.508893 0.914067 0.509387 0.91896 0.507246 0.919113
1 0.503458 0.914373 0.50527 0.913914 0.506094 0.918349 0.503788 0.919419
1 0.503623 0.934709 0.501812 0.935168 0.500494 0.929205 0.502964 0.928746
1 0.499341 0.914679 0.501647 0.913914 0.50247 0.920031 0.500329 0.920489
1 0.500659 0.935474 0.498024 0.935933 0.496706 0.929969 0.499341 0.929358
1 0.376976 0.968349 0.375494 0.969572 0.371377 0.964832 0.373188 0.96315
1 0.365942 0.973242 0.363966 0.974465 0.360178 0.970183 0.362154 0.968502
1 0.363307 0.975688 0.361001 0.977064 0.357049 0.972477 0.359354 0.970948
1 0.610343 0.853823 0.606884 0.853823 0.608037 0.848165 0.610507 0.848012
1 0.632082 0.855046 0.628788 0.85474 0.629611 0.849083 0.63274 0.849083
1 0.63834 0.862844 0.63554 0.862844 0.636364 0.857187 0.638834 0.857187
1 0.642128 0.863303 0.639987 0.863303 0.639987 0.857798 0.642622 0.857951
1 0.652833 0.86422 0.650362 0.864526 0.650692 0.858869 0.653327 0.858869
1 0.634387 0.876147 0.631588 0.876147 0.632082 0.871407 0.634387 0.871407
1 0.638011 0.8763 0.635705 0.876453 0.635705 0.871865 0.638011 0.871713
1 0.652174 0.877982 0.649704 0.877982 0.649868 0.872783 0.651845 0.872477
1 0.656126 0.878746 0.653821 0.878746 0.65415 0.873547 0.656621 0.873394
1 0.653327 0.879969 0.655632 0.879664 0.655468 0.884709 0.652668 0.884709
1 0.649045 0.879817 0.65168 0.879817 0.651515 0.884862 0.649374 0.885015
1 0.660573 0.880428 0.663208 0.880581 0.662879 0.885933 0.660573 0.886544
1 0.645422 0.884557 0.642457 0.884709 0.642951 0.877982 0.645916 0.877982
1 0.637516 0.884251 0.634717 0.884557 0.635046 0.87844 0.637516 0.878593
1 0.63027 0.883945 0.626976 0.883792 0.627635 0.877523 0.630599 0.877676
1 0.636034 0.899541 0.633235 0.899388 0.633564 0.892661 0.636034 0.892661
1 0.637681 0.894037 0.639987 0.894495 0.639493 0.899847 0.636858 0.899847
1 0.643939 0.899694 0.64114 0.899541 0.641963 0.893272 0.643939 0.893578
1 0.650362 0.899694 0.647727 0.899694 0.647727 0.894037 0.650527 0.893731
1 0.653821 0.900153 0.651845 0.900153 0.652174 0.89419 0.654974 0.894343
1 0.623847 0.861621 0.621212 0.861774 0.621542 0.856269 0.624177 0.856422
1 0.602437 0.853211 0.600296 0.853211 0.600461 0.848471 0.602437 0.848471
0 0.435277 0.920795 0.433959 0.917584 0.444664 0.911468 0.446146 0.914373
1 0.613801 0.861009 0.611495 0.861162 0.61166 0.85581 0.61413 0.855505
1 0.389987 0.921713 0.392457 0.919725 0.397233 0.924771 0.395092 0.926758
1 0.605402 0.938685 0.603096 0.938532 0.602767 0.933792 0.605402 0.933639
1 0.588439 0.932416 0.590909 0.932569 0.590744 0.937615 0.588109 0.937462
1 0.586792 0.937462 0.584486 0.937615 0.584651 0.933028 0.587121 0.932722
1 0.583004 0.937462 0.580204 0.937156 0.580534 0.931804 0.582839 0.931804
1 0.588933 0.923089 0.586462 0.923089 0.586627 0.918196 0.588933 0.917584
1 0.59305 0.923853 0.590086 0.924006 0.590909 0.918043 0.593379 0.918196
1 0.598485 0.918349 0.600955 0.918502 0.600791 0.924006 0.59832 0.923853
1 0.605896 0.919419 0.608202 0.919266 0.607872 0.924465 0.605567 0.924312
1 0.609519 0.919725 0.611825 0.919725 0.611331 0.924771 0.609025 0.924924
1 0.588768 0.895719 0.586298 0.895872 0.586627 0.890673 0.589097 0.890367
1 0.592556 0.897095 0.590086 0.897095 0.59025 0.891284 0.592556 0.891284
1 0.585968 0.880887 0.583169 0.880887 0.583333 0.875382 0.586133 0.875688
1 0.593544 0.873853 0.590909 0.874006 0.591568 0.868349 0.593379 0.868349
1 0.597661 0.874159 0.595356 0.874159 0.595356 0.868807 0.597661 0.868654
1 0.611989 0.88318 0.609354 0.88318 0.610013 0.876606 0.612319 0.876758
1 0.604908 0.88318 0.601779 0.883333 0.602108 0.875994 0.605072 0.876453
1 0.58778 0.851988 0.584816 0.851988 0.585968 0.846024 0.588439 0.846177
1 0.59552 0.853364 0.59305 0.853517 0.59305 0.846636 0.596179 0.847095
1 0.863142 0.916361 0.864789 0.918196 0.861001 0.921713 0.85919 0.920336
1 0.854414 0.937309 0.852273 0.935627 0.856719 0.932263 0.858202 0.933792
1 0.141963 0.728746 0.142292 0.730734 0.135375 0.73211 0.134717 0.729817
1 0.123188 0.249235 0.120718 0.250306 0.118906 0.243884 0.120883 0.242966
1 0.138505 0.269878 0.136034 0.270948 0.134387 0.26682 0.136693 0.265902
1 0.142951 0.666514 0.144928 0.668502 0.139163 0.673242 0.137352 0.671254
1 0.152833 0.700153 0.150692 0.698318 0.155468 0.694954 0.156785 0.697095
1 0.149209 0.696789 0.147563 0.69526 0.152174 0.69159 0.153821 0.692966
1 0.145916 0.693578 0.143939 0.691896 0.147727 0.688532 0.149539 0.690061
1 0.148221 0.684251 0.149539 0.682263 0.155138 0.685933 0.153491 0.688073
1 0.148715 0.737462 0.149045 0.73945 0.144269 0.740673 0.143445 0.738532
1 0.144269 0.731346 0.144928 0.733639 0.139328 0.734557 0.13834 0.732416
1 0.109848 0.737768 0.111825 0.736086 0.115613 0.740367 0.113636 0.741743
1 0.246542 0.670642 0.245059 0.67156 0.241765 0.667584 0.243248 0.666361
1 0.103755 0.742049 0.105567 0.740367 0.110343 0.745107 0.108366 0.746789
1 0.0564888 0.754281 0.0546772 0.755657 0.0518775 0.751529 0.0536891 0.749847
1 0.0612648 0.752599 0.0592885 0.754128 0.0543478 0.749541 0.0561594 0.747859
1 0.0624177 0.749847 0.0607708 0.750917 0.0568182 0.747095 0.0586298 0.745413
1 0.0675231 0.74526 0.0657115 0.74633 0.0619236 0.742508 0.0637352 0.740979
1 0.0698287 0.742813 0.0681818 0.744495 0.0638999 0.740061 0.0660408 0.738532
1 0.0668643 0.735321 0.0655468 0.736697 0.0612648 0.732416 0.0630764 0.730734
1 0.0645586 0.72156 0.0666996 0.719725 0.0703228 0.724159 0.0681818 0.725841
1 0.0668643 0.718349 0.0686759 0.71682 0.0727931 0.721407 0.0708169 0.723089
0 0.147398 0.224006 0.150856 0.22263 0.153986 0.229969 0.15135 0.231651
1 0.128294 0.205046 0.130929 0.203976 0.133235 0.209939 0.130764 0.210856
1 0.26054 0.431193 0.258893 0.43318 0.253623 0.429205 0.255599 0.427064
1 0.271739 0.606422 0.273386 0.608563 0.268281 0.612385 0.266469 0.610245
1 0.251976 0.666514 0.250494 0.66789 0.246706 0.663609 0.248353 0.662385
1 0.254611 0.664526 0.2528 0.665902 0.249341 0.661162 0.251153 0.660092
1 0.257082 0.662385 0.255599 0.663609 0.251647 0.659633 0.253623 0.658104
1 0.262681 0.657339 0.261364 0.658716 0.25774 0.654587 0.259387 0.653211
1 0.26581 0.65581 0.264493 0.656881 0.26087 0.653517 0.262352 0.651988
1 0.268116 0.653211 0.266304 0.654893 0.262516 0.65107 0.264163 0.649541
1 0.270751 0.651529 0.26861 0.652752 0.264822 0.647859 0.266469 0.646789
1 0.275033 0.647248 0.273057 0.648471 0.270092 0.64419 0.271739 0.642661
1 0.278162 0.64526 0.27635 0.646636 0.272563 0.642049 0.274045 0.640979
1 0.281126 0.643731 0.27915 0.64526 0.275527 0.640673 0.277174 0.63945
1 0.241271 0.645413 0.23913 0.646942 0.235672 0.642966 0.237319 0.64159
1 0.25 0.648318 0.247859 0.65 0.242918 0.644343 0.245059 0.642966
1 0.254447 0.643119 0.252306 0.644801 0.248847 0.640979 0.250659 0.639144
1 0.249835 0.638226 0.247859 0.639602 0.244401 0.635015 0.246377 0.633792
1 0.253129 0.63578 0.251153 0.637462 0.247694 0.633028 0.249506 0.631498
1 0.257905 0.641896 0.255764 0.643119 0.252306 0.638685 0.254776 0.637309
1 0.263175 0.636239 0.26087 0.637768 0.257576 0.63318 0.259552 0.631957
1 0.266469 0.627064 0.26861 0.625535 0.272069 0.629358 0.269928 0.63104
1 0.282938 0.617584 0.285079 0.619725 0.280797 0.622936 0.278491 0.621101
1 0.0551713 0.664067 0.0563241 0.661774 0.0615942 0.663761 0.0607708 0.665902
1 0.0574769 0.661774 0.0578063 0.659633 0.0637352 0.661621 0.062747 0.663914
1 0.060112 0.65948 0.0611001 0.657645 0.0660408 0.659786 0.064888 0.661315
1 0.0635705 0.657951 0.0642292 0.655963 0.0690053 0.657339 0.0681818 0.659174
1 0.0540184 0.661927 0.053195 0.663609 0.0480896 0.661927 0.0492424 0.660245
1 0.0571476 0.659327 0.05583 0.661468 0.0502306 0.659633 0.0513834 0.657492
1 0.0591238 0.657187 0.0581357 0.658869 0.0536891 0.657492 0.0545125 0.655352
1 0.0624177 0.655199 0.0617589 0.657339 0.0576416 0.655505 0.0584651 0.653517
1 0.0663702 0.652905 0.0655468 0.654893 0.0596179 0.653058 0.0606061 0.651223
1 0.0688406 0.650153 0.0681818 0.651988 0.0624177 0.649847 0.0632411 0.647859
1 0.0703228 0.676453 0.0673584 0.676911 0.0655468 0.671407 0.0686759 0.670489
1 0.080863 0.667125 0.0782279 0.667737 0.0774045 0.662538 0.0798748 0.66208
1 0.0821805 0.647554 0.0841568 0.646636 0.0869565 0.652141 0.0848155 0.652905
1 0.0762516 0.642966 0.0785573 0.641284 0.0821805 0.646024 0.0795455 0.647095
1 0.0708169 0.640214 0.0721344 0.63792 0.0770751 0.640826 0.0750988 0.642966
1 0.0596179 0.635015 0.0617589 0.634862 0.0625823 0.640367 0.060112 0.640367
1 0.0625823 0.605963 0.0602767 0.605963 0.0591238 0.600612 0.0617589 0.600306
1 0.0978261 0.586697 0.0981555 0.588685 0.0928854 0.589755 0.0920619 0.587615
1 0.0970026 0.580122 0.0974967 0.581804 0.0923913 0.583028 0.0914032 0.581193
1 0.067029 0.418502 0.0655468 0.420336 0.0609354 0.417125 0.062747 0.414985
1 0.249341 0.668502 0.248024 0.669878 0.244236 0.666361 0.245718 0.664679
1 0.244071 0.672783 0.242424 0.674006 0.238472 0.669725 0.240283 0.668196
1 0.860178 0.944037 0.858037 0.942355 0.863142 0.938991 0.86446 0.940673
1 0.417325 0.73318 0.419302 0.735015 0.414855 0.738838 0.412385 0.737462
1 0.434289 0.750153 0.432312 0.748471 0.436759 0.744954 0.43857 0.746942
1 0.431818 0.747248 0.430336 0.745566 0.434124 0.742355 0.435606 0.744037
1 0.430171 0.744343 0.428195 0.742508 0.432806 0.739297 0.434124 0.741131
1 0.427207 0.743119 0.42836 0.744495 0.424901 0.747706 0.423419 0.746789
1 0.422925 0.745719 0.420619 0.744343 0.424572 0.741131 0.426054 0.742966
1 0.419631 0.744037 0.417161 0.742202 0.422596 0.738532 0.423419 0.740061
1 0.424572 0.739908 0.42276 0.73792 0.427042 0.734251 0.428854 0.736086
1 0.422266 0.737003 0.420619 0.735474 0.425889 0.731346 0.427042 0.732875
1 0.419631 0.73578 0.420784 0.737615 0.416831 0.741284 0.41469 0.739602
1 0.439723 0.722783 0.4417 0.725076 0.437253 0.72844 0.434783 0.727064
1 0.227931 0.663761 0.226449 0.665443 0.222497 0.661315 0.224473 0.659939
1 0.434453 0.726147 0.432148 0.7237 0.437418 0.720948 0.438735 0.722783
1 0.432477 0.715596 0.433794 0.717431 0.430336 0.720031 0.42836 0.718196
1 0.434453 0.71789 0.4361 0.719266 0.432806 0.722936 0.430171 0.721407
1 0.41749 0.731651 0.415679 0.730275 0.419631 0.727064 0.420619 0.728746
1 0.412385 0.736544 0.410408 0.734862 0.41502 0.730275 0.416173 0.732263
1 0.409914 0.733792 0.408267 0.731804 0.412055 0.728135 0.413867 0.730122
1 0.416831 0.724618 0.418808 0.7263 0.415184 0.729664 0.413043 0.727829
1 0.413373 0.7263 0.411397 0.724924 0.416008 0.721254 0.417325 0.722936
1 0.40975 0.725382 0.411891 0.72737 0.408103 0.730581 0.405797 0.729205
1 0.437088 0.752294 0.435277 0.750765 0.439394 0.747095 0.441041 0.749083
1 0.449111 0.732875 0.450758 0.734709 0.44664 0.738532 0.444664 0.73685
1 0.45224 0.735474 0.454051 0.737156 0.449111 0.740979 0.447134 0.739144
1 0.40135 0.747859 0.39888 0.745872 0.402833 0.743119 0.404644 0.744495
1 0.865448 0.949083 0.863966 0.947706 0.868248 0.94419 0.870059 0.945872
1 0.871047 0.946177 0.872365 0.948012 0.868248 0.951529 0.865942 0.949541
1 0.873682 0.94893 0.875165 0.950917 0.870883 0.954128 0.868742 0.952446
1 0.875494 0.951835 0.877306 0.953058 0.872365 0.956881 0.871047 0.955352
1 0.878294 0.953976 0.880105 0.955657 0.875165 0.959633 0.873518 0.957951
1 0.45998 0.754893 0.45751 0.753058 0.463274 0.748624 0.465415 0.750917
1 0.461792 0.745566 0.463274 0.747248 0.458169 0.751835 0.456686 0.75
1 0.456686 0.739755 0.458169 0.742661 0.453887 0.746636 0.451746 0.74419
1 0.430501 0.757339 0.428524 0.755505 0.433959 0.751376 0.435606 0.753058
1 0.432148 0.749083 0.4333 0.750612 0.428524 0.754434 0.426548 0.752752
1 0.422431 0.778899 0.42029 0.777217 0.425889 0.77263 0.427207 0.774159
1 0.410079 0.788073 0.408432 0.78685 0.412549 0.783028 0.414032 0.784862
1 0.419631 0.769419 0.417325 0.767584 0.421607 0.763914 0.423419 0.765749
1 0.417325 0.766055 0.41502 0.76422 0.419466 0.761162 0.421113 0.762844
1 0.414855 0.76315 0.413208 0.761162 0.417655 0.757951 0.419302 0.759786
1 0.410408 0.758716 0.408432 0.757034 0.413373 0.752905 0.41502 0.754281
1 0.408267 0.75581 0.406126 0.754128 0.411067 0.750153 0.412549 0.751835
1 0.405797 0.752752 0.403986 0.751223 0.408267 0.748012 0.409914 0.749694
1 0.402833 0.750612 0.401021 0.749083 0.405468 0.74526 0.407444 0.747401
1 0.407773 0.723853 0.409256 0.725382 0.405303 0.728746 0.403327 0.727217
1 0.410244 0.724312 0.408432 0.722783 0.413867 0.718502 0.415514 0.720031
1 0.410408 0.716667 0.411232 0.71789 0.407938 0.720795 0.406291 0.719419
1 0.393281 0.707187 0.395092 0.709327 0.39114 0.712997 0.388669 0.710856
1 0.386364 0.708104 0.384387 0.706116 0.388669 0.702752 0.389987 0.704893
1 0.384223 0.705505 0.382082 0.703517 0.386364 0.700459 0.388011 0.702752
1 0.384387 0.697706 0.386034 0.699235 0.381752 0.702599 0.379611 0.700917
1 0.378953 0.700459 0.376976 0.699083 0.381588 0.695107 0.383399 0.697095
1 0.376153 0.697554 0.374177 0.696024 0.378294 0.692661 0.380105 0.694801
1 0.373188 0.695872 0.371212 0.693884 0.375988 0.690673 0.377306 0.692202
1 0.365942 0.705657 0.36446 0.706881 0.361001 0.703823 0.362813 0.702141
1 0.368248 0.686086 0.36726 0.684098 0.371706 0.681651 0.372694 0.683486
1 0.400856 0.68945 0.399374 0.68792 0.403491 0.685015 0.405138 0.68685
1 0.409585 0.683792 0.408103 0.682569 0.411726 0.679052 0.413373 0.680734
1 0.396245 0.677064 0.397563 0.678746 0.393775 0.681651 0.391963 0.679969
1 0.393775 0.674618 0.395422 0.6763 0.392128 0.678899 0.390316 0.677064
1 0.389328 0.668807 0.391304 0.670795 0.387681 0.673547 0.38554 0.671865
1 0.386364 0.666667 0.388011 0.668043 0.384058 0.671407 0.382246 0.669572
1 0.360672 0.668502 0.358696 0.66682 0.363142 0.663456 0.364625 0.665443
1 0.380105 0.641896 0.37747 0.642508 0.376482 0.637309 0.378953 0.637003
1 0.243248 0.651529 0.241271 0.652905 0.237813 0.648777 0.239954 0.647401
1 0.241436 0.655199 0.239954 0.656728 0.236001 0.652752 0.237813 0.651376
1 0.235837 0.659021 0.234354 0.661009 0.230237 0.656116 0.232213 0.654434
1 0.388669 0.71055 0.386364 0.708716 0.391634 0.705199 0.393775 0.707339
1 0.378953 0.691131 0.377306 0.689144 0.380764 0.686544 0.382082 0.688379
1 0.399868 0.723853 0.398057 0.722018 0.402833 0.718043 0.40448 0.719725
1 0.381258 0.693425 0.379282 0.691743 0.383893 0.688226 0.385046 0.690214
1 0.408267 0.713303 0.40975 0.715291 0.405797 0.718654 0.403821 0.717125
1 0.428195 0.717125 0.426548 0.715443 0.429842 0.712997 0.431159 0.714832
1 0.425231 0.715596 0.422925 0.713914 0.426877 0.710245 0.428524 0.712538
1 0.422925 0.712844 0.420784 0.710856 0.425725 0.707339 0.427372 0.709633
1 0.421113 0.709786 0.418808 0.708104 0.423419 0.704434 0.424572 0.706881
1 0.418478 0.707034 0.416337 0.705199 0.421278 0.701682 0.422596 0.703364
1 0.416831 0.704434 0.41469 0.702599 0.418808 0.699083 0.42029 0.700765
1 0.415843 0.697401 0.417325 0.698624 0.413702 0.701988 0.411891 0.700612
1 0.413373 0.694037 0.415184 0.696177 0.411726 0.699388 0.410079 0.697554
1 0.410903 0.691743 0.412549 0.693578 0.408762 0.697095 0.406621 0.69526
1 0.408432 0.689144 0.410408 0.690979 0.406126 0.694495 0.403986 0.692508
1 0.390481 0.72844 0.392128 0.730428 0.388175 0.733945 0.386693 0.73211
1 0.400856 0.713914 0.399209 0.712232 0.403491 0.709021 0.404809 0.710703
1 0.398551 0.711315 0.397069 0.709786 0.400856 0.705505 0.402668 0.707951
1 0.396574 0.708563 0.394598 0.706728 0.398057 0.703364 0.399704 0.705199
1 0.393445 0.706422 0.391798 0.704893 0.395751 0.701376 0.397233 0.703058
1 0.388999 0.700917 0.387187 0.699083 0.39081 0.696024 0.392787 0.698012
1 0.386693 0.698471 0.385046 0.696942 0.388669 0.693425 0.390481 0.695107
1 0.384058 0.696177 0.382576 0.694648 0.387352 0.690061 0.389163 0.692049
