1 0.493671 0.0771949 0.496909 0.0766513 0.497056 0.0804566 0.493524 0.0807285
1 0.933176 0.151128 0.930821 0.151128 0.931116 0.144876 0.933029 0.144605
1 0.47277 0.0690405 0.472476 0.0633324 0.474536 0.0630606 0.474242 0.0693123
1 0.933029 0.167165 0.931263 0.167437 0.931557 0.161729 0.932882 0.161457
1 0.930527 0.17695 0.928761 0.177222 0.928761 0.171242 0.930085 0.171242
1 0.930674 0.199239 0.929202 0.199511 0.928613 0.192715 0.930674 0.192444
1 0.939505 0.269367 0.941125 0.268551 0.941419 0.2729 0.9398 0.273444
1 0.940094 0.222343 0.942008 0.222343 0.942008 0.227779 0.940241 0.227779
1 0.934059 0.226964 0.931999 0.227236 0.931852 0.220712 0.933471 0.220169
1 0.931704 0.237565 0.929938 0.238108 0.929938 0.232128 0.931116 0.232128
1 0.937886 0.230226 0.939653 0.230226 0.9398 0.23539 0.938181 0.235662
1 0.938475 0.242729 0.939947 0.242457 0.940241 0.248437 0.938475 0.248165
1 0.941125 0.24137 0.942744 0.24137 0.942596 0.246263 0.941419 0.246263
1 0.939505 0.256591 0.941125 0.257679 0.94083 0.263115 0.939064 0.2623
0 0.932293 0.260125 0.930233 0.26094 0.929938 0.253873 0.931557 0.253602
1 0.936709 0.286219 0.935237 0.287035 0.934795 0.280783 0.936267 0.280511
1 0.937003 0.191356 0.938475 0.190541 0.938475 0.196521 0.937739 0.196521
1 0.940241 0.342213 0.938181 0.342484 0.937886 0.33732 0.939653 0.336504
1 0.944215 0.346833 0.945982 0.34629 0.946276 0.351182 0.944657 0.351726
1 0.945835 0.762164 0.947895 0.762164 0.947895 0.7676 0.945982 0.766784
1 0.943185 0.775754 0.944657 0.776298 0.944657 0.780919 0.943038 0.780647
1 0.942596 0.797499 0.944215 0.797499 0.944068 0.802936 0.942891 0.802936
1 0.945246 0.797499 0.947012 0.797499 0.946865 0.804023 0.945393 0.803751
1 0.942302 0.83501 0.943774 0.835281 0.943774 0.840446 0.942302 0.840446
1 0.941125 0.85757 0.943185 0.858114 0.943185 0.864365 0.941713 0.864365
1 0.93715 0.219897 0.939064 0.219353 0.939358 0.226148 0.937592 0.226692
1 0.937298 0.209296 0.938917 0.208481 0.938917 0.213101 0.937739 0.213645
1 0.939358 0.200598 0.94083 0.200598 0.94083 0.204675 0.939653 0.204675
1 0.937003 0.200326 0.93877 0.200326 0.938475 0.205491 0.937298 0.205491
1 0.936562 0.171242 0.938328 0.17097 0.938181 0.177766 0.936709 0.177766
1 0.939064 0.177222 0.940536 0.177222 0.940683 0.183202 0.938917 0.183202
1 0.937003 0.181843 0.938622 0.181843 0.938475 0.186464 0.936856 0.186464
1 0.937886 0.104648 0.939358 0.10492 0.939358 0.109812 0.938181 0.110084
1 0.940094 0.103561 0.941419 0.102745 0.94186 0.108182 0.940389 0.108182
1 0.937886 0.114161 0.939358 0.114161 0.939358 0.11987 0.937886 0.120141
1 0.940241 0.111715 0.94186 0.111443 0.941713 0.11688 0.940241 0.11688
1 0.940094 0.120141 0.941419 0.120141 0.941419 0.124762 0.9398 0.124762
1 0.937592 0.123947 0.939211 0.123947 0.939358 0.129383 0.937886 0.129383
1 0.939947 0.126937 0.941419 0.126937 0.941419 0.132101 0.940241 0.132101
1 0.937886 0.131829 0.939064 0.131829 0.938917 0.136722 0.937445 0.136722
1 0.939653 0.136722 0.941272 0.136722 0.941125 0.14243 0.939653 0.14243
1 0.937298 0.140799 0.939064 0.141071 0.939064 0.146235 0.937739 0.145964
1 0.939358 0.148138 0.940683 0.148138 0.94083 0.152759 0.939505 0.152487
0 0.937003 0.150313 0.938475 0.150584 0.938475 0.156564 0.937003 0.156292
1 0.937003 0.161457 0.938181 0.161457 0.938181 0.166893 0.937003 0.166893
1 0.939064 0.162001 0.940536 0.162001 0.940389 0.167165 0.939211 0.167165
