0 0.307109 0.155176 0.304751 0.154778 0.305593 0.143255 0.30812 0.143056
0 0.235849 0.609974 0.238208 0.611365 0.232985 0.621697 0.230458 0.619909
0 0.244104 0.58335 0.24343 0.586728 0.233996 0.584741 0.234164 0.581164
0 0.236691 0.413272 0.233996 0.414067 0.231469 0.404133 0.234333 0.402941
0 0.145047 0.404729 0.145047 0.407908 0.135445 0.408703 0.135276 0.405524
0 0.140499 0.0848401 0.137803 0.0858335 0.133592 0.0755017 0.136456 0.0741109
0 0.363881 0.46056 0.363208 0.463938 0.354447 0.461951 0.354953 0.457977
0 0.503369 0.528711 0.50438 0.52573 0.513982 0.531691 0.512298 0.53487
0 0.58558 0.264852 0.587601 0.266243 0.58221 0.275184 0.580189 0.273396
0 0.536051 0.591496 0.534367 0.593284 0.528639 0.587125 0.530323 0.584939
0 0.449461 0.483807 0.450135 0.486986 0.440027 0.491556 0.439016 0.488575
0 0.415937 0.791774 0.417284 0.794953 0.408693 0.801113 0.407008 0.798331
