1 0.0202422 0.351812 0.0207612 0.348792 0.0275087 0.349502 0.0271626 0.352878
1 0.829585 0.0657427 0.832872 0.0652097 0.833737 0.0733831 0.829931 0.0730277
1 0.752768 0.228678 0.753633 0.232409 0.744464 0.233298 0.744118 0.229744
1 0.753979 0.231876 0.753633 0.22779 0.761765 0.226724 0.762457 0.230633
1 0.788754 0.155473 0.788581 0.152274 0.795848 0.151564 0.796021 0.154762
1 0.781834 0.157072 0.781315 0.154051 0.78737 0.15334 0.787889 0.156361
1 0.821799 0.1457 0.818339 0.1457 0.818858 0.138237 0.822491 0.138415
1 0.820069 0.128109 0.823183 0.128287 0.822837 0.136461 0.819377 0.135928
1 0.865744 0.0970149 0.869204 0.0963042 0.870588 0.102878 0.867128 0.103589
1 0.870069 0.0955935 0.873356 0.094705 0.87474 0.100391 0.871626 0.100924
1 0.88045 0.101635 0.878374 0.0989694 0.883391 0.0948827 0.88564 0.097548
1 0.812803 0.0955935 0.810554 0.0931059 0.815052 0.0879531 0.817474 0.0904407
1 0.83045 0.0746269 0.833564 0.0744492 0.83391 0.0808458 0.830623 0.0808458
1 0.82872 0.0573916 0.832007 0.0572139 0.832526 0.0637882 0.829412 0.0641436
1 0.834256 0.253198 0.837889 0.25231 0.838927 0.260128 0.835467 0.260661
1 0.799135 0.0270078 0.796886 0.0241649 0.802249 0.0199005 0.804671 0.0229211
1 0.788927 0.0250533 0.788235 0.0214996 0.794983 0.0195451 0.796021 0.0229211
1 0.75 0.0652097 0.747232 0.0664534 0.74481 0.0609453 0.747578 0.0597015
1 0.723875 0.0774698 0.723183 0.0744492 0.730104 0.0724947 0.730969 0.075693
1 0.787197 0.107498 0.786159 0.103945 0.792561 0.102345 0.793426 0.105721
1 0.784083 0.105188 0.785121 0.109275 0.779412 0.110697 0.778374 0.106787
1 0.712803 0.0234542 0.714014 0.0271855 0.707785 0.028607 0.707093 0.025231
1 0.630969 0.0584577 0.630277 0.0554371 0.637197 0.0533049 0.637889 0.0565032
1 0.717647 0.356077 0.721453 0.355721 0.722145 0.362829 0.717993 0.363006
1 0.72474 0.323383 0.720934 0.323738 0.720415 0.316453 0.724221 0.316098
1 0.718339 0.423952 0.720761 0.426617 0.715571 0.431237 0.713322 0.428927
1 0.833218 0.24467 0.836332 0.243959 0.837543 0.251599 0.834083 0.251955
1 0.853114 0.176972 0.853806 0.180881 0.846367 0.18248 0.845675 0.178749
1 0.716955 0.431414 0.716782 0.435856 0.707612 0.434613 0.707958 0.429993
1 0.914533 0.412402 0.913668 0.409382 0.920415 0.407427 0.92128 0.410625
1 0.95519 0.43177 0.954498 0.428394 0.960727 0.427328 0.961246 0.430881
1 0.969723 0.423419 0.969031 0.41951 0.975779 0.418088 0.976644 0.42253
1 0.933737 0.435679 0.933391 0.43248 0.941003 0.431237 0.941522 0.434613
1 0.944637 0.433902 0.944291 0.430704 0.949827 0.42946 0.950346 0.433014
1 0.921626 0.437989 0.921107 0.434435 0.927682 0.433369 0.928201 0.4371
1 0.913149 0.43941 0.912976 0.435856 0.919031 0.43479 0.919723 0.438522
1 0.883737 0.426617 0.88045 0.427328 0.878893 0.421464 0.88218 0.420576
1 0.931315 0.0916844 0.934429 0.0911514 0.935294 0.0973703 0.932699 0.0977257
1 0.922145 0.0593461 0.921453 0.0559701 0.928201 0.0547264 0.928893 0.0584577
1 0.94827 0.0959488 0.945156 0.0964819 0.943426 0.0897299 0.946713 0.0888415
1 0.98737 0.449893 0.983391 0.449893 0.982872 0.443497 0.986678 0.443319
1 0.866263 0.365849 0.869204 0.36425 0.871799 0.370647 0.869031 0.372424
1 0.953633 0.133795 0.954671 0.137349 0.949654 0.138415 0.948789 0.135039
1 0.863322 0.357676 0.866436 0.356432 0.868685 0.363006 0.86609 0.36425
1 0.859516 0.348614 0.862803 0.34737 0.865225 0.354122 0.862111 0.355188
1 0.856747 0.341684 0.859862 0.340263 0.862457 0.346837 0.858997 0.347903
1 0.852941 0.332623 0.855882 0.331201 0.858824 0.338842 0.855536 0.339908
1 0.857958 0.354122 0.854498 0.355366 0.852076 0.347903 0.855017 0.346837
1 0.970934 0.286247 0.967647 0.286425 0.966955 0.279495 0.970242 0.279318
1 0.95692 0.301706 0.953806 0.302061 0.952768 0.294776 0.955709 0.294421
1 0.945848 0.27914 0.945329 0.275764 0.952595 0.27452 0.953287 0.278074
1 0.923356 0.266702 0.926817 0.265814 0.928201 0.272921 0.924567 0.27381
1 0.953979 0.176084 0.956574 0.177861 0.953806 0.182658 0.951211 0.181059
1 0.92474 0.122779 0.924048 0.11887 0.931315 0.117448 0.932353 0.121535
1 0.693599 0.444208 0.689965 0.443852 0.690657 0.436745 0.693772 0.436745
1 0.688754 0.441187 0.685121 0.441187 0.685467 0.434257 0.688235 0.434257
1 0.442388 0.9801 0.442734 0.983653 0.436678 0.984364 0.436159 0.980633
1 0.61263 0.848969 0.608824 0.848969 0.608131 0.840618 0.611938 0.840441
1 0.612284 0.727079 0.608651 0.728145 0.607093 0.721926 0.610208 0.72086
1 0.674394 0.714641 0.674048 0.71091 0.681488 0.710554 0.681661 0.71393
1 0.595329 0.715352 0.592388 0.715885 0.591349 0.709844 0.59481 0.709311
1 0.59827 0.74307 0.594637 0.743426 0.594464 0.737562 0.597578 0.737029
1 0.584256 0.729389 0.584083 0.726013 0.591349 0.725124 0.591696 0.7285
1 0.584083 0.725124 0.58391 0.721748 0.590311 0.721571 0.590311 0.725124
1 0.711419 0.79371 0.71263 0.797619 0.705536 0.800107 0.704498 0.79602
1 0.713322 0.804549 0.714014 0.80828 0.707439 0.809701 0.706747 0.80597
0 0.633218 0.806326 0.62872 0.807392 0.626817 0.794776 0.631315 0.793888
1 0.711938 0.767058 0.709343 0.769367 0.705363 0.763682 0.708131 0.761905
1 0.598443 0.78838 0.595502 0.788913 0.594464 0.782338 0.597405 0.781805
1 0.611419 0.836176 0.607093 0.836709 0.606574 0.828714 0.610035 0.828003
1 0.558824 0.651031 0.558997 0.654584 0.550519 0.655117 0.55 0.651208
1 0.609343 0.826048 0.605882 0.826581 0.604844 0.820007 0.608651 0.819829
1 0.624913 0.925373 0.620934 0.926084 0.619896 0.918443 0.623529 0.917733
1 0.638581 0.932836 0.637543 0.929282 0.643945 0.926795 0.645329 0.930526
1 0.649654 0.935679 0.649827 0.93941 0.642561 0.939943 0.642215 0.936212
1 0.616436 0.914534 0.61609 0.918443 0.60917 0.917377 0.609689 0.913646
1 0.57128 0.885217 0.571626 0.88877 0.56436 0.889481 0.563841 0.886105
1 0.62474 0.958955 0.627336 0.961443 0.622664 0.965885 0.619896 0.963397
1 0.707093 0.950604 0.704844 0.947761 0.709689 0.943674 0.711938 0.94634
0 0.767301 0.938699 0.766782 0.93408 0.775952 0.932658 0.776644 0.937278
1 0.692215 0.983831 0.689792 0.986674 0.685813 0.982587 0.687889 0.980277
1 0.689965 0.987562 0.69308 0.986851 0.694983 0.994136 0.692042 0.995025
1 0.549481 0.651741 0.549654 0.656006 0.540657 0.656716 0.540311 0.652274
1 0.591869 0.679282 0.588062 0.679282 0.588235 0.671819 0.592042 0.671819
1 0.681661 0.444918 0.678028 0.445096 0.67872 0.437811 0.682007 0.437989
1 0.598962 0.297441 0.595502 0.297797 0.594464 0.289801 0.598097 0.289268
1 0.647059 0.391969 0.64654 0.388415 0.653633 0.387349 0.654325 0.391258
1 0.693599 0.361585 0.693426 0.365316 0.685986 0.365139 0.685986 0.36123
1 0.702422 0.359097 0.702768 0.363184 0.696367 0.363362 0.696021 0.359986
1 0.701903 0.355544 0.702076 0.359097 0.694983 0.359275 0.69481 0.356077
1 0.614187 0.404584 0.614187 0.400853 0.622491 0.401386 0.622664 0.40494
1 0.635467 0.393213 0.635294 0.389837 0.641696 0.389659 0.641696 0.393035
1 0.600173 0.367448 0.59654 0.367804 0.596194 0.360519 0.599827 0.360519
1 0.614533 0.351812 0.611073 0.35199 0.610727 0.34506 0.614187 0.344705
1 0.629239 0.335999 0.629066 0.332267 0.636678 0.331734 0.637024 0.335288
1 0.619723 0.336709 0.619204 0.333333 0.626298 0.332623 0.626471 0.336354
1 0.601038 0.319119 0.597405 0.319474 0.596886 0.312367 0.600519 0.312011
1 0.56436 0.3742 0.5609 0.374023 0.561246 0.366205 0.564706 0.366205
1 0.592215 0.686212 0.588581 0.686212 0.588581 0.679993 0.592042 0.679815
1 0.572145 0.371535 0.570242 0.3742 0.564879 0.369048 0.566955 0.366205
0 0.565052 0.404229 0.56436 0.399787 0.575433 0.397299 0.576125 0.402274
1 0.602422 0.484186 0.606055 0.484897 0.604844 0.491116 0.60173 0.49076
1 0.620242 0.597193 0.619896 0.600569 0.613495 0.600213 0.613841 0.597015
1 0.64083 0.589375 0.644291 0.58973 0.643426 0.595416 0.640138 0.59506
1 0.591522 0.667555 0.587716 0.66791 0.58737 0.659915 0.59083 0.659559
1 0.627682 0.67484 0.624394 0.676084 0.622491 0.669865 0.625779 0.668799
1 0.595502 0.656716 0.591522 0.656716 0.591522 0.649787 0.594637 0.649431
1 0.615052 0.642146 0.615052 0.63806 0.621972 0.638237 0.621972 0.642146
1 0.578547 0.648365 0.578547 0.652097 0.57128 0.652097 0.57128 0.648543
1 0.59308 0.694385 0.589619 0.694208 0.589446 0.686745 0.592734 0.686389
1 0.907093 0.410625 0.910381 0.409382 0.912284 0.415778 0.909343 0.417022
1 0.908997 0.423241 0.907958 0.419865 0.91436 0.418443 0.915052 0.421464
1 0.920242 0.383795 0.923702 0.382907 0.925606 0.388593 0.922491 0.389659
1 0.15 0.32978 0.149654 0.326048 0.156401 0.326048 0.156747 0.329602
1 0.108997 0.225124 0.10917 0.222104 0.116263 0.222459 0.115917 0.225835
1 0.165225 0.209488 0.167128 0.211976 0.162457 0.215707 0.160554 0.213042
1 0.139792 0.243248 0.136505 0.242893 0.137024 0.236496 0.140484 0.236674
1 0.135813 0.246269 0.139446 0.246624 0.138408 0.253198 0.135121 0.252665
1 0.136851 0.262615 0.133218 0.261905 0.134083 0.254442 0.138062 0.255153
1 0.132699 0.290867 0.129412 0.289979 0.130623 0.283049 0.13391 0.284115
1 0.129758 0.315032 0.126471 0.314854 0.127336 0.308635 0.130277 0.308991
1 0.111592 0.304193 0.111592 0.300462 0.119204 0.300995 0.119204 0.304549
1 0.12872 0.32285 0.124913 0.322317 0.125606 0.315032 0.129239 0.315032
1 0.121972 0.334044 0.119204 0.33511 0.116955 0.328358 0.119896 0.327114
1 0.143945 0.326581 0.144118 0.330668 0.136505 0.330846 0.136159 0.326581
1 0.163668 0.325693 0.164014 0.329602 0.157093 0.329602 0.156747 0.325871
1 0.0565744 0.190299 0.0572664 0.187278 0.0638408 0.18941 0.0628028 0.192608
1 0.165917 0.331734 0.165571 0.334755 0.15917 0.334399 0.15917 0.331379
1 0.128893 0.331557 0.125087 0.331557 0.12474 0.324271 0.128374 0.324271
1 0.130104 0.34204 0.126298 0.342217 0.125606 0.335466 0.129412 0.335288
1 0.13045 0.356787 0.126644 0.357143 0.125952 0.349147 0.130104 0.348969
1 0.128028 0.362118 0.131315 0.36194 0.132007 0.368337 0.12872 0.368515
1 0.135121 0.405295 0.131315 0.405828 0.13045 0.399964 0.134429 0.399609
1 0.135986 0.416311 0.131661 0.416489 0.131315 0.409026 0.135121 0.408849
1 0.0986159 0.413646 0.102076 0.413291 0.102941 0.420753 0.099308 0.420931
1 0.0991349 0.429993 0.0987889 0.426084 0.105536 0.425373 0.105882 0.429104
1 0.099308 0.441542 0.102941 0.441187 0.10346 0.44865 0.099827 0.448827
1 0.1391 0.449893 0.136159 0.450249 0.135467 0.444385 0.138235 0.44403
1 0.0555363 0.228678 0.0541522 0.231876 0.0480969 0.229033 0.049654 0.225657
1 0.0567474 0.187278 0.0560554 0.190121 0.050519 0.188522 0.0512111 0.185323
1 0.960035 0.402452 0.963841 0.401741 0.964879 0.407249 0.961246 0.408316
1 0.122145 0.0554371 0.122145 0.0595238 0.114014 0.0591684 0.114014 0.0554371
1 0.120069 0.0598792 0.119723 0.0630775 0.113841 0.0625444 0.114014 0.0593461
1 0.162111 0.186389 0.165744 0.186389 0.165744 0.193319 0.162111 0.193319
1 0.0925606 0.0730277 0.0894464 0.0733831 0.0884083 0.0668088 0.0916955 0.0662758
1 0.0880623 0.0760483 0.0844291 0.0755153 0.0851211 0.0682303 0.0882353 0.0682303
1 0.178201 0.0685856 0.181142 0.0685856 0.181315 0.0748045 0.178374 0.0749822
1 0.050346 0.127932 0.0538062 0.129531 0.0510381 0.136283 0.0479239 0.135217
1 0.110035 0.116382 0.113668 0.116915 0.112111 0.122779 0.108997 0.122246
1 0.226471 0.0197228 0.230104 0.0186567 0.231661 0.0259417 0.228028 0.0268301
1 0.220588 0.039801 0.220069 0.036425 0.227336 0.0355366 0.228028 0.0392679
1 0.220934 0.04371 0.220934 0.0406894 0.226817 0.040334 0.226817 0.0435323
1 0.150865 0.18479 0.154152 0.184968 0.153114 0.19172 0.150346 0.191542
1 0.154844 0.18479 0.158304 0.18479 0.158304 0.192253 0.154844 0.192253
1 0.158304 0.185323 0.161938 0.185323 0.161938 0.192786 0.158304 0.192786
1 0.138408 0.44403 0.135294 0.444385 0.134775 0.439055 0.138062 0.438522
1 0.139446 0.460199 0.135986 0.460554 0.135467 0.453269 0.138927 0.453092
1 0.168858 0.464463 0.165225 0.464641 0.164879 0.458778 0.168166 0.458422
1 0.868339 0.671109 0.869031 0.674307 0.862976 0.675729 0.862111 0.67253
1 0.608651 0.410448 0.61263 0.410448 0.61263 0.41791 0.608651 0.41791
1 0.587024 0.595771 0.590138 0.595771 0.590138 0.602701 0.587024 0.602701
0 0.584948 0.636638 0.589446 0.636638 0.589446 0.648898 0.584948 0.648898
1 0.591003 0.701493 0.594118 0.701493 0.594118 0.708067 0.591003 0.708067
1 0.929758 0.598436 0.933391 0.59435 0.935813 0.596127 0.932872 0.600569
1 0.923529 0.600746 0.920761 0.602701 0.917301 0.596837 0.920242 0.59506
1 0.915571 0.586887 0.91263 0.588842 0.909689 0.583511 0.912457 0.581557
1 0.911073 0.578536 0.908131 0.580668 0.905363 0.575515 0.908304 0.573561
1 0.924221 0.609453 0.927163 0.607321 0.931315 0.613006 0.928547 0.615672
1 0.957612 0.606787 0.953979 0.606787 0.95346 0.599147 0.95692 0.598969
0 0.94481 0.609453 0.94083 0.60963 0.939965 0.598259 0.944291 0.597903
1 0.95 0.64037 0.947578 0.642679 0.94308 0.637882 0.945329 0.635394
1 0.0863322 0.464819 0.0903114 0.464641 0.0904844 0.471748 0.0866782 0.471926
1 0.942388 0.630952 0.939273 0.633085 0.935813 0.627754 0.938581 0.625977
1 0.95917 0.65263 0.956401 0.65494 0.951903 0.649787 0.954671 0.647299
1 0.959343 0.659204 0.961765 0.656539 0.964879 0.660625 0.96263 0.662935
1 0.970242 0.666844 0.966955 0.669687 0.962457 0.663291 0.965571 0.660625
1 0.924913 0.68248 0.921972 0.68479 0.917993 0.679104 0.920934 0.676972
1 0.9 0.689588 0.898962 0.686034 0.905363 0.683902 0.906228 0.687456
1 0.907439 0.676617 0.910381 0.675551 0.911938 0.681237 0.908997 0.682125
1 0.958478 0.525586 0.962284 0.525409 0.962803 0.533937 0.958824 0.534115
1 0.902249 0.53678 0.898789 0.537491 0.897059 0.530028 0.900519 0.52914
1 0.870588 0.466418 0.874221 0.465529 0.876125 0.472637 0.872318 0.473703
1 0.941522 0.415778 0.937543 0.416667 0.93564 0.409026 0.939446 0.408316
1 0.612111 0.366027 0.61609 0.366027 0.61609 0.372246 0.612111 0.372246
1 0.612976 0.383618 0.617474 0.383618 0.617474 0.392146 0.612976 0.392146
1 0.596194 0.303483 0.600346 0.303483 0.600346 0.310945 0.596194 0.310945
1 0.388581 0.974591 0.392907 0.974591 0.392907 0.982054 0.388581 0.982054
1 0.0129758 0.511549 0.0128028 0.50764 0.0205882 0.506752 0.0211073 0.510306
1 0.0745675 0.503198 0.0750865 0.506397 0.0676471 0.507463 0.067128 0.504087
1 0.101903 0.561656 0.105709 0.561656 0.105709 0.568941 0.101903 0.568941
1 0.283391 0.963753 0.286851 0.963753 0.286851 0.970682 0.283391 0.970682
1 0.33564 0.865849 0.339792 0.865849 0.339792 0.873134 0.33564 0.873134
1 0.238408 0.685146 0.242388 0.685146 0.242388 0.692608 0.238408 0.692608
1 0.251384 0.662047 0.25519 0.662047 0.25519 0.668799 0.251384 0.668799
1 0.25692 0.66258 0.260727 0.66258 0.260727 0.668977 0.25692 0.668977
1 0.262803 0.660981 0.266263 0.660981 0.266263 0.666844 0.262803 0.666844
1 0.191003 0.66489 0.195329 0.66489 0.195329 0.672708 0.191003 0.672708
1 0.319377 0.512971 0.323183 0.512971 0.323183 0.519723 0.319377 0.519723
1 0.346713 0.231343 0.350519 0.231343 0.350519 0.238628 0.346713 0.238628
1 0.258304 0.212154 0.262284 0.212154 0.262284 0.219616 0.258304 0.219616
1 0.300173 0.17946 0.303979 0.17946 0.303979 0.186923 0.300173 0.186923
1 0.257266 0.202914 0.261246 0.202914 0.261246 0.209311 0.257266 0.209311
1 0.422145 0.130064 0.425779 0.130064 0.425779 0.136638 0.422145 0.136638
1 0.425779 0.130064 0.429239 0.130064 0.429239 0.137171 0.425779 0.137171
1 0.503287 0.275764 0.507093 0.275764 0.507093 0.281805 0.503287 0.281805
1 0.520761 0.807747 0.524567 0.807747 0.524567 0.814854 0.520761 0.814854
1 0.533218 0.80597 0.53737 0.80597 0.53737 0.813433 0.533218 0.813433
1 0.528028 0.80597 0.53218 0.80597 0.53218 0.813433 0.528028 0.813433
1 0.474567 0.972637 0.478547 0.972637 0.478547 0.979389 0.474567 0.979389
1 0.425952 0.982409 0.426471 0.985785 0.41955 0.986318 0.419377 0.982765
1 0.442907 0.978145 0.439619 0.978323 0.438581 0.972104 0.441869 0.971571
1 0.0299308 0.379886 0.033045 0.380242 0.0323529 0.387527 0.0294118 0.387171
1 0.489446 0.208778 0.4891 0.205579 0.495675 0.205224 0.495848 0.208244
1 0.622664 0.452914 0.622491 0.45629 0.615744 0.455757 0.61609 0.452914
1 0.59083 0.465174 0.593599 0.465174 0.59308 0.471926 0.590311 0.471748
1 0.586159 0.463042 0.588927 0.463042 0.588927 0.469616 0.586332 0.469616
1 0.593772 0.420753 0.593599 0.41791 0.599827 0.418088 0.600173 0.420753
1 0.6 0.417555 0.598616 0.41489 0.605017 0.411692 0.606228 0.414534
1 0.597059 0.370647 0.600346 0.370469 0.600519 0.378643 0.597232 0.378643
1 0.561592 0.335821 0.564879 0.33511 0.566263 0.341329 0.562803 0.342217
1 0.583218 0.294954 0.580104 0.295309 0.579585 0.28838 0.582526 0.287846
1 0.547578 0.257107 0.550692 0.256574 0.551557 0.263149 0.548789 0.263682
1 0.588408 0.159382 0.584948 0.16027 0.583737 0.153696 0.586678 0.153163
1 0.552768 0.184968 0.555363 0.183369 0.55917 0.18941 0.55692 0.191365
1 0.470069 0.251421 0.469723 0.248223 0.478028 0.247868 0.478028 0.251244
0 0.629239 0.448294 0.627855 0.453092 0.609689 0.447406 0.611592 0.442253
1 0.399481 0.246802 0.396021 0.247335 0.395329 0.24005 0.398616 0.239694
1 0.428028 0.148188 0.428028 0.151031 0.422318 0.151741 0.422145 0.148721
1 0.424048 0.118692 0.42699 0.117271 0.429758 0.124023 0.426817 0.125089
1 0.528028 0.0968372 0.527163 0.0934613 0.533737 0.0916844 0.534775 0.0948827
1 0.475606 0.0600569 0.472664 0.0613006 0.470761 0.0550817 0.473529 0.053838
1 0.390311 0.0758706 0.386678 0.0755153 0.38737 0.0687633 0.390484 0.0687633
1 0.624394 0.0732054 0.62128 0.0744492 0.619896 0.0680526 0.622837 0.0673419
1 0.62301 0.0547264 0.626471 0.0545487 0.627509 0.0614783 0.623875 0.0620114
1 0.616955 0.057747 0.620415 0.0566809 0.621626 0.0627221 0.618339 0.0634328
1 0.535294 0.053838 0.532353 0.0549041 0.530969 0.0483298 0.53391 0.047619
1 0.533218 0.0453092 0.53045 0.0463753 0.529066 0.039801 0.532007 0.0392679
1 0.637716 0.452736 0.638235 0.449183 0.646194 0.450071 0.645848 0.453802
1 0.6891 0.483298 0.685986 0.481699 0.688235 0.475124 0.691696 0.476546
1 0.78391 0.342395 0.791176 0.34204 0.791522 0.345593 0.784602 0.345949
1 0.780623 0.757818 0.78391 0.757463 0.784602 0.764748 0.781661 0.764925
1 0.864879 0.920931 0.864014 0.91791 0.870069 0.916311 0.870761 0.91951
1 0.881488 0.869581 0.881488 0.866738 0.888754 0.86656 0.888408 0.869225
1 0.799481 0.821784 0.796194 0.822317 0.795156 0.81521 0.798616 0.814677
1 0.792042 0.828536 0.788754 0.828891 0.788062 0.82285 0.791176 0.822672
1 0.796367 0.848259 0.792561 0.848436 0.792042 0.83973 0.795502 0.839375
1 0.779931 0.88806 0.780104 0.884861 0.787024 0.884861 0.787197 0.887882
1 0.818339 0.952381 0.821972 0.95167 0.823356 0.959844 0.820242 0.960554
1 0.746713 0.85661 0.743426 0.857498 0.742388 0.850924 0.745156 0.850036
1 0.728374 0.794421 0.726125 0.796553 0.722318 0.791756 0.72474 0.789979
1 0.76955 0.804371 0.769204 0.800995 0.776298 0.80064 0.776471 0.80366
1 0.777682 0.766702 0.781315 0.766169 0.782007 0.77221 0.778547 0.772921
1 0.784602 0.757285 0.787889 0.756574 0.788754 0.763149 0.785986 0.763326
1 0.698443 0.590263 0.701038 0.59204 0.697232 0.59737 0.694464 0.595771
1 0.793253 0.782871 0.789965 0.783404 0.788754 0.776652 0.791869 0.776297
1 0.779412 0.773632 0.782007 0.773099 0.783045 0.778962 0.780277 0.779495
1 0.769204 0.714819 0.772664 0.714286 0.773875 0.721571 0.770588 0.721926
0 0.76955 0.667377 0.769377 0.663468 0.778028 0.663113 0.778028 0.666667
1 0.842734 0.629353 0.845675 0.62882 0.847232 0.635572 0.844291 0.636461
1 0.845156 0.622957 0.841869 0.622957 0.841176 0.615672 0.844118 0.615494
1 0.740138 0.588664 0.740484 0.591862 0.733564 0.59204 0.733564 0.589197
1 0.785467 0.584399 0.78218 0.584399 0.782007 0.578181 0.784948 0.578003
1 0.730623 0.572672 0.727163 0.572317 0.727682 0.566098 0.731142 0.566098
1 0.718685 0.577292 0.714706 0.576937 0.715398 0.570185 0.719031 0.570362
1 0.732007 0.589375 0.732353 0.592217 0.725606 0.592928 0.725606 0.589908
1 0.707958 0.0131485 0.713495 0.0117271 0.714533 0.0152807 0.708651 0.0165245
1 0.830623 0.471571 0.827163 0.471571 0.827163 0.464108 0.830277 0.46393
1 0.380277 0.984719 0.380796 0.988273 0.374567 0.988628 0.374221 0.98543
1 0.172491 0.444918 0.175606 0.444918 0.176471 0.451848 0.172837 0.452203
1 0.299481 0.623312 0.299308 0.620114 0.30519 0.619758 0.305363 0.623134
1 0.366782 0.65334 0.37301 0.655473 0.371972 0.659204 0.365571 0.657072
1 0.266609 0.749822 0.263322 0.750355 0.262284 0.744492 0.265052 0.743781
1 0.26263 0.750888 0.259689 0.750888 0.259689 0.745203 0.262284 0.744847
1 0.294291 0.937278 0.294637 0.940476 0.288754 0.940832 0.288235 0.937456
1 0.152595 0.593994 0.155882 0.593461 0.156747 0.599502 0.153114 0.600036
1 0.122145 0.564677 0.121799 0.561478 0.129066 0.560412 0.129758 0.563611
1 0.11436 0.564144 0.114533 0.561123 0.12128 0.562189 0.12128 0.56521
1 0.143945 0.50693 0.146886 0.506752 0.147405 0.513859 0.144464 0.513859
1 0.167128 0.527008 0.163668 0.527719 0.162284 0.520967 0.165744 0.520611
1 0.162457 0.530739 0.158651 0.531272 0.158304 0.524165 0.161765 0.524165
1 0.169204 0.452736 0.172837 0.452736 0.17301 0.459133 0.169723 0.459311
1 0.356055 0.607854 0.355536 0.604122 0.363668 0.603412 0.364533 0.607321
1 0.148789 0.527008 0.146021 0.527186 0.145156 0.5215 0.148443 0.520967
1 0.124567 0.518479 0.128028 0.518657 0.128547 0.525053 0.125087 0.525231
1 0.125433 0.510483 0.122491 0.511549 0.120761 0.506041 0.123529 0.50533
1 0.12301 0.511194 0.125952 0.510661 0.127336 0.517058 0.124221 0.517946
1 0.0885813 0.517413 0.0854671 0.517946 0.0849481 0.511905 0.0880623 0.511549
1 0.119204 0.560945 0.118685 0.557747 0.127509 0.55597 0.128028 0.559524
1 0.0546713 0.479211 0.0576125 0.478678 0.0588235 0.485075 0.0557093 0.485608
1 0.049654 0.487918 0.0529412 0.48774 0.0527682 0.495203 0.049481 0.495203
1 0.0186851 0.429104 0.0190311 0.426262 0.0256055 0.426795 0.0252595 0.429815
1 0.0148789 0.434613 0.0148789 0.431592 0.0207612 0.431947 0.0209343 0.43479
1 0.0083045 0.436745 0.00795848 0.433547 0.0148789 0.432836 0.0157439 0.436034
1 0.305882 0.622246 0.305882 0.61887 0.311592 0.619048 0.312111 0.621891
1 0.404844 0.00781805 0.407958 0.00746269 0.40917 0.0147477 0.405709 0.0152807
1 0.809343 0.318763 0.80917 0.315387 0.815398 0.314854 0.815917 0.318408
1 0.496713 0.883618 0.493945 0.883795 0.492734 0.877932 0.495675 0.877399
1 0.792561 0.28678 0.792215 0.28376 0.799481 0.283049 0.799481 0.286425
1 0.808997 0.273632 0.811765 0.272743 0.814014 0.279851 0.811073 0.280739
1 0.807093 0.0938166 0.806055 0.0904407 0.811073 0.0891969 0.812284 0.0918621
1 0.857958 0.534826 0.858651 0.531628 0.864706 0.533049 0.863841 0.536425
1 0.863495 0.718905 0.861592 0.716063 0.866263 0.71162 0.867993 0.713753
1 0.806574 0.796198 0.807439 0.800284 0.800865 0.801173 0.8 0.797441
1 0.807093 0.801706 0.807439 0.805615 0.801384 0.805437 0.801211 0.802594
1 0.759516 0.953625 0.756574 0.954691 0.754671 0.948472 0.757612 0.947584
1 0.772837 0.889126 0.771972 0.886283 0.778547 0.884684 0.779239 0.887527
1 0.813841 0.515991 0.816782 0.515636 0.81782 0.522033 0.81436 0.522566
1 0.516263 0.883973 0.520069 0.883973 0.520761 0.889837 0.517474 0.890192
1 0.492042 0.882196 0.488754 0.882552 0.488408 0.877043 0.491003 0.877043
1 0.410381 0.00710732 0.414187 0.00675195 0.41436 0.014037 0.411419 0.0142146
1 0.392907 0.648188 0.392907 0.645345 0.398616 0.645345 0.398789 0.648365
1 0.470415 0.569652 0.470934 0.573028 0.465571 0.573205 0.465052 0.570185
1 0.410208 0.579424 0.410208 0.582267 0.403806 0.582623 0.403287 0.57978
1 0.404671 0.540512 0.40519 0.544065 0.397924 0.544598 0.397751 0.541222
1 0.397751 0.501244 0.400865 0.500888 0.40173 0.50693 0.398443 0.507107
1 0.34654 0.411158 0.346886 0.414712 0.339965 0.415245 0.339446 0.411869
1 0.452249 0.352345 0.454671 0.350213 0.458131 0.355011 0.455709 0.356965
1 0.452249 0.346127 0.453979 0.343994 0.458131 0.347903 0.456401 0.350213
1 0.448789 0.322139 0.448962 0.318763 0.455709 0.319474 0.455709 0.32285
1 0.471972 0.290156 0.472491 0.292822 0.467301 0.293888 0.466609 0.290867
1 0.467301 0.28678 0.468512 0.290156 0.462284 0.292111 0.461073 0.288913
1 0.880796 0.91489 0.881315 0.91791 0.875952 0.91951 0.875087 0.916489
1 0.910035 0.928749 0.910208 0.931592 0.90346 0.932836 0.903114 0.92946
1 0.911765 0.930171 0.911592 0.926617 0.917993 0.926439 0.917993 0.929282
1 0.355017 0.408849 0.354498 0.41258 0.347578 0.410803 0.34827 0.407427
1 0.408824 0.539801 0.411765 0.538202 0.415225 0.543355 0.411938 0.545487
1 0.400692 0.517235 0.404498 0.516525 0.405882 0.524343 0.402076 0.525053
1 0.472491 0.511372 0.475779 0.510661 0.477163 0.517058 0.474221 0.517591
1 0.399827 0.489161 0.396367 0.489517 0.395502 0.482232 0.398789 0.482054
1 0.41263 0.477967 0.409516 0.478323 0.409343 0.471748 0.412284 0.471393
1 0.372491 0.482765 0.368685 0.482765 0.369377 0.475124 0.372837 0.474947
1 0.37699 0.481521 0.37301 0.481521 0.373183 0.475302 0.376644 0.475302
1 0.383737 0.481343 0.38045 0.481699 0.379585 0.474591 0.383218 0.474591
1 0.338235 0.434613 0.338408 0.438522 0.331488 0.438877 0.331142 0.434968
1 0.386851 0.435146 0.387197 0.440121 0.377336 0.440832 0.376644 0.435679
1 0.407958 0.433014 0.408478 0.437989 0.397405 0.438522 0.396886 0.433902
1 0.405017 0.378643 0.404844 0.382374 0.397924 0.382552 0.397751 0.378643
1 0.421626 0.584577 0.421626 0.580668 0.428893 0.581023 0.429066 0.584577
1 0.442561 0.38344 0.442907 0.387527 0.43564 0.387704 0.435294 0.38344
1 0.407266 0.396944 0.404325 0.396944 0.403806 0.390725 0.40692 0.39037
1 0.341349 0.339375 0.340657 0.335821 0.347751 0.334932 0.348097 0.338486
1 0.341522 0.307392 0.341696 0.310945 0.334948 0.310768 0.334948 0.307392
1 0.401384 0.28376 0.397232 0.283582 0.396713 0.276652 0.400519 0.276475
1 0.373529 0.268834 0.372664 0.264748 0.38045 0.263326 0.381315 0.267058
1 0.354152 0.272921 0.352249 0.275942 0.347751 0.27221 0.349481 0.269367
1 0.301038 0.242537 0.301211 0.246091 0.293945 0.246446 0.293945 0.242715
1 0.288754 0.265814 0.288581 0.26226 0.295329 0.261727 0.295329 0.265458
1 0.266955 0.260839 0.263322 0.261727 0.263149 0.253554 0.266436 0.253376
1 0.26609 0.25231 0.262284 0.252843 0.261765 0.245913 0.265398 0.24538
1 0.422318 0.533582 0.420242 0.530384 0.426644 0.52683 0.428201 0.529851
1 0.428028 0.569829 0.428028 0.573205 0.421453 0.573205 0.420934 0.570362
1 0.894291 0.904407 0.891349 0.902452 0.894464 0.896411 0.897232 0.897832
1 0.365571 0.748401 0.364879 0.74467 0.373702 0.743781 0.373875 0.747512
1 0.366782 0.882729 0.363668 0.883262 0.36263 0.876333 0.365744 0.875977
1 0.397578 0.880064 0.394118 0.879886 0.39481 0.872424 0.397924 0.872601
1 0.345502 0.910448 0.341869 0.910803 0.341349 0.903873 0.344637 0.903518
1 0.284948 0.917733 0.284948 0.913646 0.292388 0.914001 0.292215 0.91791
1 0.298962 0.906716 0.298962 0.910448 0.29308 0.910448 0.29308 0.906894
1 0.249654 0.935146 0.247059 0.933014 0.250865 0.926972 0.253633 0.928749
1 0.251038 0.884684 0.247232 0.88344 0.249481 0.876866 0.253114 0.877576
1 0.246713 0.877576 0.246021 0.874023 0.253114 0.872601 0.253979 0.8758
1 0.263668 0.880597 0.266955 0.880419 0.267993 0.886638 0.264879 0.887171
1 0.355363 0.80366 0.355882 0.807747 0.349135 0.808813 0.34827 0.805082
1 0.389619 0.749289 0.39308 0.748934 0.393599 0.75533 0.390138 0.755508
1 0.46436 0.739339 0.46436 0.736141 0.471799 0.735963 0.471972 0.739161
1 0.418512 0.568586 0.420761 0.570718 0.415917 0.574982 0.413841 0.57285
1 0.408824 0.738806 0.408304 0.735608 0.414879 0.735252 0.414879 0.738628
1 0.464187 0.704335 0.464706 0.707889 0.457785 0.708422 0.457439 0.705224
1 0.433218 0.670043 0.433045 0.673774 0.425433 0.673241 0.425087 0.670043
1 0.450865 0.656361 0.447405 0.657605 0.445848 0.649787 0.449308 0.648898
1 0.425087 0.669865 0.425087 0.673596 0.417993 0.673774 0.41782 0.670398
1 0.408824 0.641791 0.408824 0.645522 0.401903 0.646055 0.401557 0.642679
1 0.441696 0.618159 0.437889 0.61887 0.437024 0.610697 0.440484 0.610341
1 0.440138 0.603412 0.436159 0.603767 0.43564 0.597015 0.439273 0.596482
1 0.463668 0.588131 0.463841 0.592751 0.456574 0.592573 0.456574 0.588842
1 0.456574 0.61887 0.45692 0.622246 0.449654 0.622779 0.449481 0.619403
1 0.493945 0.611585 0.490138 0.612296 0.4891 0.605188 0.492215 0.604478
1 0.268858 0.205046 0.268685 0.201315 0.27526 0.201315 0.27526 0.205224
1 0.310208 0.191365 0.310208 0.194563 0.303806 0.194741 0.30346 0.191542
1 0.249135 0.177505 0.248789 0.180704 0.241696 0.179638 0.241869 0.176439
1 0.750865 0.662402 0.750346 0.658849 0.757439 0.659382 0.757612 0.66258
1 0.184775 0.728323 0.181488 0.729566 0.180277 0.722992 0.183218 0.722281
1 0.181661 0.731699 0.184775 0.730633 0.186678 0.738095 0.183564 0.739161
1 0.221453 0.559701 0.222664 0.564321 0.215917 0.565743 0.215052 0.561834
1 0.222837 0.545665 0.221799 0.549041 0.215917 0.546908 0.216955 0.543888
1 0.210554 0.520434 0.2109 0.524343 0.203287 0.525586 0.202768 0.521322
1 0.205363 0.525231 0.205709 0.529673 0.197924 0.530206 0.197578 0.525942
1 0.173356 0.232942 0.172664 0.236496 0.164879 0.235608 0.165225 0.231876
1 0.249654 0.0433547 0.25 0.0472637 0.243426 0.0479744 0.242734 0.0444208
1 0.750519 0.703269 0.751211 0.708067 0.744118 0.708422 0.743426 0.704513
1 0.785986 0.662758 0.786332 0.6672 0.778547 0.666844 0.778547 0.663291
1 0.772837 0.645522 0.773529 0.649076 0.766955 0.649609 0.766955 0.6457
1 0.941696 0.542822 0.94481 0.542466 0.945675 0.549041 0.942561 0.549396
1 0.238408 0.145345 0.237716 0.141969 0.244118 0.140547 0.244637 0.144456
1 0.938408 0.542999 0.941696 0.542466 0.942388 0.548685 0.938927 0.549041
1 0.981488 0.607498 0.987889 0.60661 0.988581 0.610163 0.98218 0.611052
1 0.988408 0.614072 0.988754 0.617626 0.982699 0.617626 0.982353 0.614606
1 0.989273 0.628287 0.989619 0.631841 0.982353 0.632729 0.981661 0.628998
1 0.955017 0.662402 0.957785 0.660625 0.960554 0.666667 0.957612 0.668088
1 0.944291 0.792466 0.941696 0.790689 0.946194 0.784648 0.948616 0.786425
1 0.960554 0.841862 0.95692 0.842395 0.956228 0.834932 0.959516 0.834577
1 0.912111 0.857676 0.911246 0.854478 0.918166 0.852701 0.919031 0.856077
1 0.890484 0.876155 0.891003 0.880064 0.884256 0.881308 0.883564 0.877932
1 0.908131 0.91258 0.904671 0.913113 0.903979 0.906539 0.906747 0.906006
1 0.906228 0.904407 0.902768 0.90494 0.901557 0.897832 0.904671 0.897299
1 0.223356 0.697406 0.224048 0.694208 0.232353 0.695984 0.231661 0.699538
1 0.238235 0.695807 0.239619 0.699538 0.232353 0.701848 0.230969 0.698294
1 0.245156 0.647655 0.240484 0.64801 0.240657 0.640725 0.244464 0.640725
1 0.339273 0.676795 0.343253 0.676084 0.343945 0.683724 0.340657 0.684435
1 0.245156 0.155473 0.241696 0.155473 0.241696 0.148543 0.24481 0.148721
1 0.251384 0.135039 0.247405 0.135928 0.246194 0.128465 0.249308 0.127576
1 0.261938 0.0746269 0.261592 0.0708955 0.268166 0.0698294 0.268685 0.0733831
1 0.269204 0.0733831 0.268512 0.0692964 0.275087 0.0685856 0.275779 0.0721393
1 0.275779 0.0721393 0.275087 0.0680526 0.281834 0.0669865 0.282699 0.0708955
1 0.262111 0.0817342 0.263495 0.0783582 0.270761 0.0813788 0.269204 0.0845771
1 0.252249 0.054371 0.249308 0.0556148 0.246194 0.0502843 0.248962 0.0486851
1 0.241176 0.362651 0.237543 0.362651 0.237197 0.354833 0.240657 0.354833
1 0.300692 0.304904 0.300173 0.300817 0.307093 0.300284 0.307785 0.304193
1 0.293772 0.301173 0.293599 0.297086 0.301211 0.296198 0.301384 0.300817
1 0.312976 0.344705 0.313495 0.347903 0.307439 0.348969 0.30692 0.345593
1 0.25173 0.454335 0.247405 0.454158 0.247405 0.445629 0.251384 0.445807
1 0.271626 0.433547 0.271799 0.437989 0.264533 0.437811 0.264706 0.433547
1 0.210035 0.45398 0.206574 0.45398 0.205709 0.446695 0.209862 0.446517
1 0.233045 0.540334 0.229066 0.540689 0.228201 0.534115 0.231661 0.533582
1 0.231834 0.533049 0.228028 0.533404 0.227163 0.525409 0.23045 0.524876
1 0.230104 0.52221 0.226817 0.522388 0.225952 0.516169 0.229066 0.515636
1 0.235294 0.560057 0.231315 0.560235 0.230969 0.552061 0.234775 0.551883
1 0.23737 0.568941 0.232872 0.569119 0.232007 0.561478 0.236159 0.560768
1 0.342907 0.559879 0.342734 0.556148 0.350173 0.555792 0.350519 0.559524
1 0.299308 0.584044 0.295329 0.583689 0.296194 0.576581 0.299827 0.576759
1 0.246367 0.663291 0.242215 0.663113 0.242215 0.657783 0.245848 0.657605
1 0.319377 0.673952 0.31955 0.678038 0.312284 0.678394 0.311765 0.673952
