1 0.679253 0.749675 0.68198 0.749675 0.681771 0.758453 0.679043 0.758127
1 0.475561 0.822172 0.478918 0.822497 0.478708 0.839402 0.474932 0.839402
1 0.480386 0.788362 0.480596 0.78316 0.490036 0.78381 0.489616 0.788687
0 0.582756 0.520806 0.580868 0.514304 0.592616 0.508453 0.593665 0.514304
1 0.651353 0.769506 0.646948 0.769181 0.647787 0.748375 0.652192 0.748049
1 0.494231 0.847529 0.497588 0.847529 0.497588 0.860533 0.494441 0.861183
1 0.498636 0.887841 0.495909 0.887191 0.49528 0.872887 0.498007 0.872887
1 0.391861 0.731469 0.394588 0.731795 0.394378 0.741547 0.391651 0.741222
1 0.389553 0.745124 0.386407 0.744798 0.386826 0.735371 0.389763 0.735696
1 0.630375 0.757152 0.627019 0.756502 0.627019 0.744148 0.630795 0.744473
1 0.62639 0.957087 0.623872 0.956437 0.624082 0.945059 0.626809 0.945059
1 0.647367 0.961313 0.647158 0.96619 0.637927 0.96554 0.637718 0.960338
1 0.640654 0.843628 0.640864 0.838752 0.650724 0.840377 0.650724 0.845254
1 0.647997 0.815345 0.649675 0.819571 0.642333 0.828349 0.640445 0.823797
1 0.634361 0.815345 0.637088 0.815345 0.637088 0.826398 0.634361 0.826073
1 0.630166 0.814044 0.632683 0.814044 0.632473 0.825423 0.629536 0.824772
1 0.625551 0.813719 0.628488 0.813719 0.627858 0.825423 0.625131 0.825423
1 0.623872 0.824772 0.621145 0.824772 0.620936 0.812419 0.624082 0.812419
1 0.619677 0.825423 0.616321 0.824772 0.61674 0.813069 0.619467 0.813069
1 0.589679 0.836801 0.589259 0.832575 0.596602 0.830624 0.597231 0.835176
1 0.613384 0.957087 0.610447 0.956437 0.611076 0.945059 0.614013 0.945059
1 0.425215 0.592978 0.422488 0.596229 0.416824 0.587126 0.419132 0.58355
1 0.196769 0.492523 0.19656 0.498049 0.185232 0.497074 0.185651 0.490897
1 0.325781 0.802016 0.328718 0.802016 0.328508 0.813394 0.325362 0.813069
1 0.328089 0.785761 0.331236 0.785761 0.330606 0.799415 0.327669 0.79909
1 0.381791 0.728869 0.384728 0.729194 0.384099 0.744473 0.380952 0.744473
