1 0.647388 0.280277 0.641791 0.295848 0.583955 0.290657 0.587687 0.276817
1 0.121269 0.310554 0.152985 0.324394 0.102612 0.350346 0.0727612 0.3391
0 0.682836 0.370242 0.690299 0.345156 0.93097 0.358997 0.923507 0.384083
0 0.63806 0.460208 0.645522 0.437716 0.893657 0.451557 0.886194 0.475779
0 0.634328 0.527682 0.641791 0.504325 0.899254 0.522491 0.88806 0.544983
0 0.613806 0.642734 0.617537 0.621972 0.871269 0.634083 0.865672 0.656574
0 0.570896 0.737024 0.574627 0.712803 0.839552 0.727509 0.828358 0.749135
0 0.56903 0.75692 0.572761 0.737024 0.826493 0.749135 0.820896 0.772491
0 0.533582 0.804498 0.54291 0.782007 0.794776 0.796713 0.791045 0.818339
0 0.529851 0.852941 0.537313 0.82872 0.796642 0.844291 0.79291 0.866782
0 0.341418 0.813149 0.335821 0.83564 0.100746 0.824394 0.106343 0.801038
0 0.350746 0.788927 0.350746 0.810554 0.11194 0.797578 0.115672 0.775952
