1 0.932683 0.916215 0.93431 0.911421 0.942851 0.914548 0.941834 0.918508
1 0.487289 0.347853 0.483628 0.348062 0.484442 0.339516 0.488103 0.339933
1 0.511287 0.34306 0.507627 0.342434 0.509254 0.334306 0.512914 0.335348
1 0.504779 0.332013 0.508847 0.332639 0.50722 0.340767 0.503152 0.339725
1 0.506813 0.342851 0.510677 0.343685 0.508847 0.35098 0.505186 0.350146
1 0.493797 0.338474 0.489933 0.337432 0.49156 0.329721 0.494814 0.330138
1 0.528778 0.288454 0.52471 0.28762 0.526541 0.279283 0.529998 0.2797
1 0.523897 0.286995 0.519829 0.285952 0.521863 0.277824 0.52593 0.278866
1 0.513525 0.274698 0.516982 0.27574 0.515355 0.28366 0.511897 0.282826
1 0.502949 0.281159 0.499492 0.280534 0.500508 0.272405 0.504169 0.272614
1 0.498271 0.280534 0.494204 0.279491 0.496034 0.27178 0.499492 0.272614
1 0.561318 0.263443 0.55725 0.262609 0.55786 0.25594 0.561521 0.25594
1 0.582469 0.290746 0.586537 0.291788 0.584503 0.299917 0.580435 0.298458
1 0.533049 0.270529 0.536913 0.27178 0.534879 0.278449 0.531218 0.277407
1 0.515152 0.266153 0.518812 0.266778 0.517185 0.275115 0.513728 0.274281
1 0.523897 0.268445 0.527964 0.269487 0.526337 0.277407 0.52227 0.276365
1 0.481391 0.285536 0.477527 0.284702 0.479154 0.275948 0.483221 0.277199
1 0.483832 0.277199 0.479764 0.275948 0.482001 0.267612 0.485865 0.268654
0 0.486069 0.267195 0.482205 0.265944 0.484442 0.255523 0.488916 0.256982
1 0.578808 0.312422 0.582876 0.313464 0.581045 0.321801 0.576978 0.320967
1 0.500305 0.293247 0.504779 0.294289 0.502542 0.30346 0.498475 0.302626
1 0.551963 0.352439 0.547692 0.351396 0.548709 0.343893 0.553183 0.344519
1 0.520236 0.150479 0.524507 0.151313 0.52227 0.159233 0.518202 0.158191
1 0.500305 0.331388 0.503966 0.332222 0.502135 0.34035 0.498475 0.339308
1 0.517389 0.33639 0.521049 0.336807 0.519829 0.344519 0.516575 0.343893
1 0.495831 0.349729 0.491763 0.34827 0.494407 0.340142 0.498271 0.340767
1 0.526744 0.338891 0.530201 0.339725 0.528778 0.348062 0.525117 0.347228
1 0.522066 0.337432 0.52593 0.338058 0.524303 0.345977 0.520846 0.344935
1 0.52532 0.369321 0.529591 0.370154 0.527557 0.378908 0.523693 0.378074
0 0.47712 0.157982 0.476307 0.161526 0.467358 0.158608 0.468578 0.155065
1 0.448241 0.0741976 0.44458 0.0729471 0.447631 0.0650271 0.451088 0.0666945
1 0.546471 0.351813 0.543014 0.351396 0.544641 0.344519 0.547488 0.345144
1 0.436242 0.0929554 0.439902 0.0944143 0.437258 0.102334 0.433598 0.100875
1 0.468375 0.00875365 0.472036 0.0100042 0.468985 0.0185494 0.465528 0.0175073
1 0.590604 0.0110463 0.591214 0.00791997 0.598739 0.0102126 0.597926 0.0133389
1 0.579418 0.00812839 0.580842 0.00479366 0.58918 0.00687787 0.58796 0.0108378
1 0.533252 0.349312 0.529998 0.348895 0.531422 0.341392 0.534472 0.341809
1 0.535286 0.340559 0.538947 0.340975 0.538133 0.349521 0.534065 0.349312
1 0.542404 0.350563 0.538947 0.350146 0.53976 0.342226 0.543217 0.342643
1 0.470612 0.324302 0.466951 0.323051 0.469189 0.315131 0.472646 0.315965
1 0.53793 0.350771 0.541794 0.351396 0.54037 0.359733 0.536506 0.358691
1 0.570266 0.362443 0.57352 0.364735 0.568233 0.370779 0.565792 0.368695
1 0.0229815 0.697165 0.0252186 0.694248 0.0315233 0.699667 0.0290828 0.702584
1 0.0726052 0.0541892 0.0752491 0.0523135 0.0801302 0.0591913 0.0776896 0.061484
1 0.064877 0.0441851 0.0673175 0.0418925 0.073012 0.049604 0.0699614 0.0516882
1 0.0583689 0.035223 0.0612162 0.0331388 0.0660972 0.0400167 0.0630466 0.0423093
1 0.0197275 0.0187578 0.0213545 0.0152147 0.0292862 0.0187578 0.0268456 0.0229262
1 0.113484 0.349312 0.116331 0.35223 0.111043 0.357649 0.108196 0.35494
0 0.678259 0.222384 0.678869 0.216965 0.697987 0.21905 0.697173 0.22426
1 0.0545048 0.0150063 0.0534879 0.018341 0.0445394 0.0147978 0.045963 0.0110463
1 0.0266423 0.282409 0.030303 0.281576 0.0323368 0.290746 0.0288794 0.29158
1 0.555623 0.367653 0.558064 0.370154 0.553386 0.37599 0.550946 0.373281
1 0.480781 0.368487 0.478544 0.371405 0.472443 0.365986 0.47468 0.363276
1 0.52288 0.421009 0.52288 0.425177 0.513931 0.426219 0.513931 0.422259
1 0.516982 0.41684 0.517999 0.420175 0.510474 0.421634 0.509864 0.418508
1 0.519829 0.401 0.517592 0.404335 0.511491 0.398916 0.514135 0.395998
1 0.513321 0.395998 0.510677 0.398291 0.504983 0.393497 0.507016 0.390788
1 0.504576 0.388912 0.502542 0.39183 0.496238 0.386411 0.498475 0.38391
1 0.496238 0.381617 0.493797 0.384118 0.487492 0.378908 0.49034 0.376198
1 0.488306 0.375156 0.485865 0.377657 0.480578 0.372655 0.482815 0.370363
1 0.473663 0.362651 0.471629 0.364735 0.466341 0.359316 0.468782 0.356815
1 0.0187106 0.29158 0.022168 0.289912 0.0246085 0.297416 0.0213545 0.298875
1 0.531015 0.317424 0.534676 0.318466 0.532438 0.327011 0.528778 0.325969
1 0.0337604 0.278658 0.0372178 0.277199 0.0398617 0.283451 0.0366077 0.285327
1 0.00325402 0.305544 0.00671141 0.303251 0.0109823 0.311797 0.00732154 0.313881
1 0 0.309712 0.00284726 0.308045 0.00650803 0.315965 0.00284726 0.317216
1 0.00691479 0.301792 0.0101688 0.299708 0.0138296 0.307628 0.0105756 0.309712
1 0.0138296 0.294498 0.0164735 0.29283 0.020541 0.300542 0.0178971 0.302209
1 0.0101688 0.297416 0.0134228 0.295957 0.0176937 0.30471 0.0144397 0.307003
1 0.487086 0.328053 0.49095 0.328887 0.489526 0.338058 0.485255 0.336807
1 0.513321 0.33514 0.517389 0.335765 0.516168 0.34431 0.512101 0.343685
1 0.892617 0.905377 0.894041 0.902043 0.901363 0.905586 0.899736 0.90892
1 0.568843 0.286578 0.573317 0.287203 0.5723 0.295957 0.568233 0.295748
1 0.247915 0.197582 0.250763 0.200083 0.245678 0.204669 0.243441 0.202584
1 0.137889 0.00687787 0.14094 0.00854523 0.137075 0.0156315 0.133821 0.0137557
0 0.0896888 0.0900375 0.0876551 0.0875365 0.0927395 0.0831596 0.09518 0.0856607
1 0.0970104 0.0833681 0.0945699 0.0814923 0.100468 0.0746144 0.102705 0.0775323
1 0.119178 0.0421009 0.116534 0.0395998 0.121619 0.0329304 0.124466 0.0354314
1 0.0359976 0.0468945 0.0325402 0.0454356 0.0347773 0.0389746 0.0378279 0.0398083
1 0.03193 0.045644 0.0284726 0.0441851 0.0307098 0.0368904 0.0339638 0.0375156
0 0.0709782 0.0867028 0.0736221 0.088787 0.0673175 0.0956649 0.0646736 0.0931638
1 0.9036 0.689871 0.901159 0.694039 0.894448 0.689246 0.896075 0.686119
1 0.910311 0.678199 0.908684 0.681534 0.901769 0.678199 0.903193 0.674865
0 0.908277 0.68341 0.90665 0.687578 0.897295 0.682993 0.898922 0.679033
0 0.88733 0.702793 0.88916 0.698624 0.898312 0.704252 0.895871 0.708837
1 0.856213 0.834306 0.852349 0.833055 0.853976 0.82451 0.858247 0.825135
1 0.862925 0.834931 0.864145 0.83118 0.87289 0.83514 0.87106 0.839516
1 0.869839 0.807003 0.865772 0.804502 0.869433 0.796999 0.87289 0.798458
1 0.863941 0.810338 0.867195 0.812422 0.862721 0.820133 0.859264 0.818258
1 0.87472 0.788245 0.871263 0.786161 0.87533 0.778241 0.878585 0.779908
1 0.274964 0.0606503 0.273337 0.0641934 0.265812 0.0602334 0.267236 0.0571071
1 0.255237 0.0791997 0.256661 0.0758649 0.264389 0.0789912 0.262762 0.0825344
1 0.268253 0.0725302 0.266626 0.0760734 0.258694 0.0721134 0.259711 0.0689871
1 0.63311 0.186328 0.634126 0.181742 0.641651 0.183618 0.640838 0.188203
0 0.985154 0.568987 0.981086 0.566278 0.985967 0.556065 0.990238 0.558358
1 0.952817 0.010421 0.952817 0.00750313 0.961155 0.00812839 0.960748 0.0114631
0 0.984137 0.0581492 0.988611 0.0568987 0.992475 0.0696123 0.987391 0.0706544
1 0.900752 0.198624 0.904617 0.197374 0.90665 0.206336 0.902379 0.206753
1 0.849502 0.203001 0.853162 0.202168 0.853976 0.210921 0.849908 0.210504
1 0.863941 0.203835 0.867602 0.205294 0.864145 0.212589 0.860484 0.210504
0 0.679683 0.193831 0.675005 0.192789 0.676225 0.18341 0.680089 0.184243
1 0.383364 0.141726 0.387838 0.141309 0.386821 0.149646 0.38316 0.149437
1 0.292658 0.0671113 0.293878 0.0635682 0.300997 0.0671113 0.299776 0.0702376
0 0.14155 0.342018 0.138499 0.338891 0.146838 0.330554 0.150092 0.333472
1 0.232662 0 0.235713 0.0010421 0.233272 0.00937891 0.229408 0.00791997
1 0.549929 0.253022 0.553386 0.253647 0.551556 0.261776 0.548302 0.260942
1 0.569453 0.264068 0.566606 0.263652 0.567012 0.257816 0.56986 0.258024
1 0.564979 0.264902 0.561318 0.264277 0.563148 0.255523 0.566199 0.25594
1 0.54098 0.250938 0.544641 0.251772 0.543421 0.258024 0.540167 0.25719
1 0.720155 0.201542 0.720358 0.197165 0.729103 0.198208 0.728696 0.202584
1 0.851332 0.80471 0.854586 0.806586 0.851332 0.814089 0.847671 0.811797
1 0.85601 0.766986 0.85784 0.763443 0.863535 0.766986 0.862111 0.770113
0 0.817572 0.905169 0.813504 0.902876 0.818385 0.893914 0.822249 0.895998
1 0.504576 0.272197 0.508643 0.272822 0.507423 0.281784 0.502746 0.280742
1 0.529998 0.279491 0.533862 0.280325 0.532642 0.288454 0.528371 0.28762
1 0.53854 0.281159 0.543217 0.281992 0.54098 0.290538 0.537116 0.289496
1 0.545251 0.272614 0.549522 0.273239 0.547895 0.282618 0.543828 0.281367
1 0.50905 0.272614 0.505186 0.27178 0.506813 0.263235 0.510677 0.26386
1 0.505389 0.272197 0.500915 0.271363 0.501729 0.263652 0.505389 0.264068
1 0.532032 0.310546 0.527761 0.309296 0.530201 0.301376 0.533455 0.302418
1 0.522066 0.276574 0.517795 0.27574 0.519422 0.268237 0.523287 0.268862
1 0.580842 0.300542 0.575961 0.299708 0.577791 0.290538 0.581859 0.291371
1 0.57108 0.3193 0.566809 0.318049 0.568639 0.308253 0.573114 0.309296
1 0.572707 0.288662 0.576978 0.289496 0.576571 0.298249 0.572504 0.298249
1 0.542811 0.282201 0.547488 0.282826 0.545861 0.291788 0.541387 0.290955
1 0.556844 0.285952 0.552369 0.285327 0.55359 0.275948 0.557657 0.276574
1 0.575758 0.280325 0.579418 0.281159 0.577791 0.28887 0.574131 0.287828
1 0.565589 0.287411 0.560708 0.285952 0.563758 0.277407 0.568029 0.278449
1 0.539353 0.280325 0.535489 0.279491 0.536709 0.271363 0.540777 0.272405
1 0.543217 0.281784 0.539353 0.280117 0.541794 0.271988 0.545251 0.273239
1 0.560708 0.285744 0.564572 0.287203 0.562131 0.295123 0.558267 0.294289
1 0.573317 0.309921 0.578401 0.31138 0.575758 0.322218 0.570673 0.32055
0 0.786252 0.971238 0.782998 0.968945 0.787269 0.959983 0.790929 0.962068
1 0.0514541 0.959358 0.054098 0.956023 0.0612162 0.962276 0.0577588 0.966028
0 0.798251 0.938516 0.801708 0.939975 0.797641 0.949771 0.793777 0.948103
1 0.92109 0.910379 0.92231 0.906211 0.930649 0.909546 0.929225 0.913297
0 0.788082 0.957274 0.784625 0.95519 0.789302 0.945811 0.79276 0.947687
1 0.175107 0.715506 0.17226 0.71238 0.176937 0.706544 0.180598 0.709671
1 0.160057 0.761984 0.156193 0.759066 0.163921 0.750521 0.167582 0.754064
1 0.157006 0.758858 0.153346 0.756148 0.16026 0.747812 0.163514 0.749687
1 0.0817572 0.972072 0.0839943 0.968737 0.090299 0.975198 0.0874517 0.977699
1 0.0632499 0.955815 0.0658938 0.952689 0.0726052 0.958733 0.069758 0.961859
1 0.499288 0.318466 0.495017 0.317632 0.496644 0.307837 0.500712 0.308462
1 0.0683344 0.936223 0.0724019 0.939141 0.0663006 0.946436 0.0630466 0.943101
1 0.550336 0.330138 0.546268 0.329095 0.547692 0.320759 0.551352 0.321175
1 0.595892 0.295123 0.600366 0.296582 0.597926 0.306169 0.593248 0.30471
1 0.580028 0.281367 0.584299 0.282409 0.582062 0.289912 0.578198 0.28887
1 0.575554 0.324302 0.580028 0.325761 0.578198 0.334931 0.57352 0.334098
1 0.537726 0.32722 0.532845 0.326178 0.534269 0.318258 0.53854 0.3193
1 0.552979 0.315757 0.549319 0.314089 0.551963 0.305752 0.555217 0.306586
