1 0.946188 0.419355 0.966368 0.430575 0.946188 0.492286 0.924888 0.476858
0 0.73991 0.443198 0.770179 0.443198 0.775785 0.56662 0.743274 0.569425
0 0.959641 0.371669 0.964126 0.412342 0.85426 0.42216 0.850897 0.384292
0 0.846413 0.384292 0.847534 0.426367 0.75 0.434783 0.745516 0.396914
0 0.840807 0.340813 0.84417 0.382889 0.733184 0.392707 0.7287 0.353436
0 0.848655 0.380084 0.845291 0.345021 0.964126 0.323983 0.96861 0.367461
0 0.197309 0.26087 0.225336 0.256662 0.236547 0.335203 0.207399 0.343619
0 0.266816 0.352034 0.23991 0.354839 0.232063 0.253857 0.258969 0.251052
0 0.372197 0.339411 0.34417 0.340813 0.335202 0.232819 0.362108 0.227209
0 0.445067 0.330996 0.415919 0.335203 0.400224 0.231417 0.433857 0.225806
0 0.414798 0.356241 0.382287 0.361851 0.36435 0.204769 0.394619 0.199158
0 0.477578 0.325386 0.447309 0.330996 0.438341 0.211781 0.467489 0.207574
0 0.511211 0.322581 0.483184 0.328191 0.471973 0.206171 0.501121 0.203366
0 0.580717 0.338008 0.549327 0.340813 0.535874 0.201964 0.568386 0.196353
0 0.612108 0.309958 0.581839 0.314165 0.570628 0.218794 0.599776 0.213184
0 0.642377 0.301543 0.609865 0.301543 0.608744 0.182328 0.640135 0.180926
0 0.680493 0.309958 0.649103 0.315568 0.637892 0.179523 0.66704 0.175316
0 0.710762 0.284712 0.678251 0.284712 0.673767 0.15568 0.701794 0.15568
0 0.75 0.273492 0.71861 0.280505 0.699552 0.154278 0.730942 0.148668
0 0.775785 0.265077 0.751121 0.265077 0.742152 0.178121 0.766816 0.175316
0 0.811659 0.26648 0.784753 0.270687 0.766816 0.16129 0.795964 0.152875
0 0.841928 0.256662 0.811659 0.259467 0.799327 0.147265 0.829596 0.141655
0 0.877803 0.259467 0.846413 0.26648 0.829596 0.143058 0.860987 0.137447
0 0.744395 0.394109 0.743274 0.436185 0.634529 0.430575 0.633408 0.391304
0 0.704036 0.43899 0.736547 0.436185 0.743274 0.570827 0.707399 0.573633
1 0.900224 0.42777 0.920404 0.43338 0.908072 0.493689 0.886771 0.485273
0 0.669283 0.443198 0.702915 0.441795 0.705157 0.580645 0.671525 0.58345
1 0.869955 0.430575 0.890135 0.436185 0.884529 0.489481 0.862108 0.483871
1 0.862108 0.500701 0.840807 0.503506 0.835202 0.436185 0.855381 0.431978
1 0.836323 0.509116 0.813901 0.509116 0.809417 0.453015 0.830717 0.451613
1 0.960762 0.553997 0.964126 0.587658 0.90583 0.596073 0.899103 0.563815
1 0.943946 0.820477 0.946188 0.85554 0.894619 0.862553 0.887892 0.830295
1 0.770179 0.586255 0.773543 0.618513 0.724215 0.622721 0.719731 0.591865
1 0.383408 0.952314 0.381166 0.917251 0.43722 0.911641 0.438341 0.945302
1 0.311659 0.963534 0.289238 0.964937 0.284753 0.901823 0.307175 0.899018
0 0.374439 0.848527 0.369955 0.816269 0.429372 0.802244 0.432735 0.840112
0 0.298206 0.771388 0.326233 0.768583 0.330717 0.86115 0.304933 0.86676
0 0.376682 0.677419 0.373318 0.636746 0.455157 0.626928 0.45852 0.663394
0 0.200673 0.58345 0.197309 0.551192 0.293722 0.537167 0.297085 0.57223
0 0.204036 0.485273 0.200673 0.441795 0.329596 0.423562 0.33296 0.467041
0 0.348655 0.462833 0.343049 0.423562 0.418161 0.412342 0.423767 0.45021
0 0.432735 0.448808 0.428251 0.417952 0.512332 0.403927 0.515695 0.43899
0 0.399103 0.465638 0.401345 0.503506 0.316143 0.514727 0.313901 0.475456
0 0.455157 0.495091 0.460762 0.534362 0.339686 0.565217 0.331839 0.523142
0 0.5213 0.523142 0.524664 0.562412 0.396861 0.587658 0.392377 0.548387
0 0.526906 0.481066 0.529148 0.517532 0.461883 0.534362 0.455157 0.495091
0 0.51009 0.440393 0.512332 0.482468 0.400224 0.495091 0.397982 0.453015
0 0.633408 0.453015 0.665919 0.451613 0.670404 0.573633 0.640135 0.57784
0 0.90583 0.235624 0.876682 0.239832 0.863229 0.154278 0.891256 0.15007
