1 0.649367 0.125169 0.647468 0.117036 0.670886 0.11568 0.672152 0.123814
1 0.470253 0.311794 0.458228 0.312246 0.457595 0.29643 0.468987 0.29643
1 0.442405 0.314053 0.431646 0.314505 0.431013 0.296882 0.442405 0.296882
1 0.608861 0.325802 0.596203 0.325802 0.594937 0.309535 0.606329 0.309535
1 0.581013 0.309535 0.591772 0.309535 0.593671 0.32761 0.582278 0.328061
1 0.579747 0.32761 0.567722 0.328061 0.567089 0.312698 0.579114 0.312246
1 0.553165 0.31089 0.563924 0.31089 0.565823 0.328513 0.555063 0.328513
1 0.539241 0.310438 0.551266 0.309986 0.551899 0.328965 0.540506 0.328965
1 0.527215 0.311342 0.538608 0.31089 0.540506 0.323995 0.528481 0.324446
1 0.512658 0.31315 0.524684 0.31315 0.527215 0.328965 0.51519 0.329417
1 0.501266 0.311794 0.512025 0.312246 0.513291 0.331225 0.501266 0.330773
1 0.499367 0.331676 0.486709 0.33258 0.48481 0.313601 0.497468 0.31315
1 0.486076 0.331676 0.474684 0.33258 0.471519 0.313601 0.482911 0.31315
1 0.459494 0.31315 0.470886 0.312246 0.472785 0.330321 0.461392 0.331225
1 0.460127 0.33258 0.446835 0.334388 0.443671 0.314505 0.456329 0.313601
1 0.432278 0.336195 0.418354 0.335743 0.417089 0.318572 0.429747 0.318572
1 0.415823 0.313601 0.40443 0.314505 0.401266 0.298238 0.413924 0.297334
1 0.418987 0.334388 0.405696 0.33484 0.403797 0.317668 0.416456 0.317216
1 0.392405 0.316313 0.403165 0.316313 0.401266 0.333484 0.390506 0.33258
1 0.390506 0.317216 0.377848 0.317668 0.374684 0.297334 0.387975 0.29643
1 0.391139 0.333032 0.379114 0.333484 0.377215 0.317668 0.389241 0.316313
1 0.379114 0.335291 0.366456 0.336195 0.364557 0.315409 0.377215 0.315409
1 0.366456 0.337099 0.353165 0.337099 0.352532 0.321283 0.36519 0.32038
1 0.455696 0.312698 0.443038 0.31315 0.441772 0.29643 0.45443 0.295526
1 0.472152 0.295526 0.482911 0.295526 0.482911 0.31089 0.472152 0.310438
1 0.644937 0.116132 0.643671 0.107546 0.667089 0.105739 0.668354 0.114324
1 0.499367 0.313601 0.486076 0.31315 0.48481 0.294171 0.497468 0.294171
1 0.467722 0.255761 0.479747 0.255761 0.481013 0.271125 0.468354 0.271577
1 0.49557 0.272933 0.482278 0.274288 0.48038 0.257569 0.493671 0.256665
1 0.494937 0.254406 0.507595 0.254406 0.508861 0.272933 0.49557 0.272933
1 0.521519 0.272481 0.510127 0.271577 0.509494 0.253502 0.520886 0.25305
1 0.535443 0.270221 0.523418 0.270673 0.522785 0.25305 0.53481 0.25305
1 0.548734 0.251695 0.562025 0.250791 0.565823 0.269318 0.551899 0.270673
1 0.562658 0.250339 0.574684 0.250339 0.577215 0.265251 0.565823 0.266155
1 0.576582 0.249435 0.588608 0.249435 0.589873 0.267058 0.577215 0.26751
1 0.591139 0.249435 0.605063 0.250339 0.60443 0.268414 0.591139 0.26751
1 0.605696 0.249887 0.618987 0.248983 0.620886 0.267962 0.608861 0.268414
1 0.567089 0.268414 0.574051 0.276548 0.553797 0.283778 0.546835 0.276548
1 0.581013 0.287845 0.577848 0.279711 0.602532 0.275644 0.605063 0.284681
1 0.620886 0.306823 0.609494 0.306823 0.608228 0.2892 0.620253 0.289652
1 0.608228 0.307727 0.594937 0.307727 0.594937 0.290556 0.606329 0.290556
1 0.593038 0.307727 0.581013 0.308179 0.579747 0.287845 0.591772 0.287393
1 0.579747 0.308179 0.567089 0.308179 0.566456 0.289652 0.577848 0.2892
1 0.56519 0.308631 0.55443 0.308631 0.553797 0.29146 0.564557 0.29146
1 0.551266 0.309083 0.540506 0.309986 0.539241 0.292815 0.55 0.292363
1 0.538608 0.31089 0.526582 0.310438 0.524051 0.292815 0.536076 0.292815
1 0.525949 0.311794 0.513924 0.311794 0.510759 0.293267 0.522785 0.292363
1 0.513291 0.310438 0.5 0.310438 0.498101 0.292815 0.510759 0.292815
1 0.348734 0.31812 0.337342 0.319024 0.33481 0.301401 0.346835 0.300949
1 0.625316 0.365115 0.613291 0.365115 0.612025 0.346588 0.624051 0.346588
1 0.592405 0.346588 0.605063 0.346588 0.606962 0.365115 0.594937 0.366019
1 0.589241 0.366471 0.577215 0.367826 0.574684 0.348396 0.587342 0.347944
1 0.579114 0.40714 0.591139 0.406688 0.593671 0.42657 0.581013 0.427474
1 0.553797 0.427474 0.541772 0.427474 0.541139 0.411207 0.552532 0.410755
1 0.536709 0.42883 0.524684 0.429282 0.522785 0.411658 0.53481 0.411207
1 0.518354 0.429282 0.506329 0.430185 0.503797 0.411658 0.515823 0.411207
1 0.439241 0.431993 0.425949 0.432445 0.424684 0.415725 0.437342 0.415273
1 0.383544 0.432445 0.371519 0.432897 0.36962 0.416629 0.381646 0.415725
1 0.141772 0.293719 0.133544 0.299141 0.114557 0.286489 0.122152 0.28197
1 0.0955696 0.307727 0.0962025 0.299593 0.122785 0.300949 0.121519 0.309986
1 0.337975 0.320831 0.348734 0.321283 0.35 0.336195 0.337975 0.336647
1 0.293038 0.340262 0.28038 0.340262 0.28038 0.32535 0.291772 0.324898
1 0.207595 0.345233 0.194937 0.345233 0.193671 0.324898 0.206329 0.324898
1 0.193038 0.344781 0.18038 0.344781 0.179114 0.327158 0.190506 0.326706
1 0.139241 0.309986 0.151266 0.309986 0.152532 0.329417 0.141139 0.329869
1 0.196835 0.352463 0.194304 0.3615 0.168987 0.357433 0.171519 0.347944
1 0.170253 0.385901 0.159494 0.385901 0.157595 0.36873 0.16962 0.368278
1 0.220253 0.3615 0.232278 0.3615 0.23481 0.379575 0.222785 0.380027
1 0.239873 0.361952 0.251266 0.362404 0.251899 0.380027 0.240506 0.380027
1 0.271519 0.380931 0.259494 0.381383 0.258228 0.360596 0.26962 0.360145
1 0.290506 0.380931 0.278481 0.380931 0.277215 0.365567 0.288608 0.365115
1 0.308228 0.380479 0.29557 0.380027 0.29557 0.361952 0.308228 0.3615
1 0.293038 0.382738 0.30443 0.382738 0.303797 0.401265 0.293038 0.401265
1 0.491139 0.405332 0.491772 0.396295 0.517722 0.396295 0.516456 0.405784
1 0.349367 0.37822 0.362658 0.37822 0.363291 0.396746 0.349367 0.397198
1 0.368987 0.376864 0.357595 0.376864 0.356329 0.359241 0.367722 0.358337
1 0.510127 0.389516 0.498734 0.389516 0.498734 0.375056 0.508861 0.375056
1 0.570253 0.366471 0.558861 0.366471 0.556329 0.349751 0.568987 0.3493
1 0.551266 0.371441 0.539241 0.370538 0.539241 0.352463 0.551266 0.352463
1 0.532278 0.37099 0.520886 0.370538 0.520886 0.350655 0.532278 0.351107
1 0.516456 0.370086 0.527215 0.370538 0.529114 0.389065 0.516456 0.389065
1 0.577215 0.367826 0.588608 0.366923 0.592405 0.384094 0.581646 0.38545
1 0.561392 0.36873 0.572152 0.369182 0.571519 0.388161 0.561392 0.388613
1 0.537975 0.370538 0.548101 0.37099 0.548734 0.387257 0.537975 0.387709
1 0.514557 0.370538 0.503165 0.37099 0.500633 0.352463 0.512025 0.352011
1 0.493671 0.369182 0.482278 0.36873 0.482278 0.351559 0.493038 0.351559
1 0.490506 0.389516 0.479114 0.389968 0.477848 0.371893 0.489873 0.371893
1 0.36962 0.377316 0.381013 0.376864 0.382278 0.394035 0.370886 0.394035
1 0.446203 0.352915 0.457595 0.352463 0.458228 0.370086 0.446835 0.370538
1 0.44557 0.372797 0.457595 0.372797 0.457595 0.389516 0.44557 0.389968
1 0.443038 0.371893 0.43038 0.373249 0.428481 0.354722 0.440506 0.353818
1 0.437342 0.391776 0.425949 0.39268 0.425316 0.374605 0.436076 0.374153
1 0.425949 0.371893 0.413924 0.372797 0.410759 0.355174 0.422785 0.355174
1 0.408228 0.373701 0.41962 0.373701 0.420886 0.391324 0.409494 0.391776
1 0.392405 0.354722 0.405696 0.355174 0.406329 0.373701 0.393671 0.373701
1 0.388608 0.377768 0.400633 0.377316 0.401899 0.393583 0.390506 0.394035
1 0.387342 0.373701 0.374684 0.374605 0.374051 0.355626 0.385443 0.355174
1 0.602532 0.226841 0.616456 0.22639 0.617722 0.246272 0.605063 0.246272
1 0.589873 0.229553 0.600633 0.229553 0.600633 0.246724 0.588608 0.246272
1 0.573418 0.249435 0.562658 0.249887 0.560127 0.23362 0.572152 0.233168
1 0.212658 0.28423 0.199367 0.285133 0.198101 0.266606 0.210759 0.266155
1 0.485443 0.136918 0.498101 0.136466 0.500633 0.152734 0.487975 0.153186
1 0.471519 0.135563 0.486076 0.135563 0.486709 0.152734 0.472785 0.153638
1 0.472152 0.136918 0.457595 0.138274 0.453797 0.118391 0.468987 0.117939
1 0.442405 0.138274 0.429747 0.138726 0.427848 0.121554 0.441139 0.121103
1 0.44557 0.157253 0.431646 0.158608 0.43038 0.138726 0.443671 0.138726
1 0.415823 0.138274 0.402532 0.138726 0.399367 0.118843 0.413291 0.117939
1 0.363291 0.125621 0.375316 0.125621 0.376582 0.143244 0.363291 0.143244
1 0.251266 0.147763 0.264557 0.147311 0.265823 0.164031 0.252532 0.164031
1 0.239873 0.149571 0.225949 0.150023 0.225316 0.131948 0.239241 0.131948
1 0.176582 0.150023 0.188608 0.149571 0.189873 0.165386 0.177215 0.165838
1 0.137342 0.134659 0.150633 0.133755 0.151899 0.150474 0.137975 0.150926
1 0.0335443 0.155445 0.0335443 0.146408 0.0588608 0.147763 0.0588608 0.156349
1 0.0341772 0.182558 0.0341772 0.173972 0.0632911 0.174876 0.0620253 0.183913
1 0.182278 0.20967 0.168354 0.210574 0.167722 0.191143 0.181646 0.190691
1 0.143038 0.209218 0.131013 0.210574 0.129114 0.194306 0.141772 0.193403
1 0.229747 0.189788 0.241139 0.189336 0.242405 0.206507 0.23038 0.206959
1 0.281646 0.207863 0.294937 0.206959 0.296835 0.22413 0.282278 0.225034
1 0.186709 0.267058 0.173418 0.268414 0.171519 0.24808 0.18481 0.247628
1 0.0310127 0.280615 0.0303797 0.272481 0.0550633 0.271125 0.0550633 0.279711
1 0.0335443 0.300497 0.0310127 0.291008 0.0544304 0.290104 0.0550633 0.29869
1 0.149367 0.287845 0.136709 0.288296 0.13481 0.269318 0.148101 0.268866
1 0.511392 0.136466 0.524684 0.135563 0.526582 0.153638 0.513291 0.154089
1 0.525949 0.135563 0.539873 0.135111 0.541139 0.154993 0.527215 0.154993
1 0.552532 0.134659 0.566456 0.134207 0.56962 0.154089 0.55443 0.154541
1 0.518987 0.0709444 0.532278 0.0704925 0.534177 0.0890194 0.520253 0.0890194
1 0.16962 0.111161 0.16962 0.119747 0.144937 0.120651 0.144937 0.112065
1 0.0322785 0.136918 0.0329114 0.13014 0.0544304 0.130592 0.0525316 0.138274
1 0.339873 0.0813376 0.352532 0.0813376 0.355063 0.0994126 0.341139 0.0998644
1 0.363924 0.07953 0.375949 0.07953 0.378481 0.0957976 0.366456 0.0967013
1 0.391139 0.0777225 0.403165 0.0772707 0.40443 0.0944419 0.392405 0.0953457
1 0.417722 0.0768188 0.429114 0.0768188 0.432278 0.0939901 0.420886 0.0948938
1 0.444304 0.0745594 0.455696 0.0745594 0.456962 0.0917307 0.44557 0.0921826
1 0.456329 0.0736557 0.468987 0.0736557 0.46962 0.0926344 0.458228 0.0930863
1 0.506962 0.0718482 0.518354 0.0718482 0.520253 0.0890194 0.508228 0.0890194
1 0.532278 0.0704925 0.543671 0.0704925 0.54557 0.0885676 0.534177 0.0885676
1 0.567089 0.134207 0.579747 0.134659 0.582911 0.152282 0.56962 0.152282
1 0.58481 0.0881157 0.574684 0.0881157 0.573418 0.0704925 0.583544 0.0700407
1 0.450633 0.0976051 0.452532 0.107094 0.428481 0.10845 0.427215 0.0994126
1 0.592405 0.113873 0.60443 0.113873 0.606962 0.131044 0.594304 0.131948
1 0.592405 0.132851 0.581013 0.132851 0.579114 0.113873 0.589241 0.113873
1 0.579747 0.132851 0.566456 0.132851 0.563924 0.114324 0.577848 0.114324
1 0.551899 0.135563 0.539241 0.135563 0.537342 0.116584 0.549367 0.11568
1 0.524051 0.136014 0.511392 0.136014 0.510759 0.119295 0.522785 0.119747
1 0.510759 0.138726 0.499367 0.138274 0.498101 0.119295 0.510127 0.118843
1 0.596835 0.133303 0.608861 0.132851 0.611392 0.150474 0.599367 0.151378
1 0.162658 0.268414 0.175949 0.268414 0.177215 0.285585 0.163291 0.286037
1 0.298734 0.26254 0.286076 0.262991 0.28481 0.24582 0.298101 0.245368
1 0.559494 0.250791 0.547468 0.251695 0.54557 0.23362 0.558861 0.233168
1 0.276582 0.281066 0.264557 0.281518 0.262025 0.265703 0.275949 0.264799
1 0.529114 0.193854 0.517089 0.193403 0.515823 0.176683 0.527848 0.176683
1 0.529747 0.212381 0.518354 0.212381 0.517089 0.195662 0.529114 0.19521
1 0.541772 0.194758 0.53038 0.194758 0.529747 0.176683 0.541139 0.176231
1 0.556962 0.19521 0.544937 0.194758 0.544304 0.177587 0.555696 0.177587
1 0.570886 0.193403 0.558861 0.193403 0.556962 0.176683 0.568987 0.175328
1 0.570886 0.175779 0.581646 0.174876 0.584177 0.192951 0.572152 0.192951
1 0.598101 0.192951 0.585443 0.192499 0.583544 0.175328 0.596203 0.174424
1 0.613291 0.192047 0.600633 0.191595 0.598734 0.17352 0.611392 0.172616
1 0.543038 0.212381 0.532278 0.21193 0.531646 0.196566 0.542405 0.196566
1 0.558228 0.212833 0.546835 0.212381 0.544304 0.196114 0.557595 0.195662
1 0.572152 0.193854 0.585443 0.192951 0.586709 0.211478 0.572785 0.21193
1 0.585443 0.192951 0.598734 0.192499 0.598734 0.208766 0.586709 0.209218
1 0.598101 0.192499 0.610127 0.192047 0.612658 0.20967 0.599367 0.20967
1 0.56519 0.206959 0.575316 0.210574 0.567089 0.225938 0.555063 0.222323
1 0.664557 0.192951 0.652532 0.194758 0.649367 0.173972 0.661392 0.172616
1 0.479114 0.25531 0.467089 0.25531 0.466456 0.237686 0.477215 0.237686
1 0.494304 0.254406 0.481646 0.254858 0.478481 0.237686 0.490506 0.236783
1 0.492405 0.236331 0.505063 0.236331 0.507595 0.25305 0.494937 0.253954
1 0.520886 0.252598 0.508861 0.25305 0.506962 0.234975 0.518354 0.234071
1 0.533544 0.252146 0.522785 0.252598 0.520886 0.236331 0.532911 0.236331
1 0.546835 0.252146 0.53481 0.251695 0.533544 0.232716 0.546203 0.232264
1 0.491772 0.196566 0.503797 0.197018 0.503165 0.214189 0.491139 0.213737
1 0.501899 0.194306 0.490506 0.193854 0.488608 0.178039 0.5 0.177135
1 0.462658 0.197018 0.474051 0.196114 0.477848 0.215545 0.464557 0.215996
1 0.425949 0.257117 0.438608 0.257117 0.439241 0.275192 0.427848 0.275644
1 0.3 0.285133 0.3 0.294171 0.278481 0.295075 0.277215 0.286037
1 0.306329 0.26751 0.317089 0.26751 0.318987 0.283778 0.306962 0.283778
1 0.287342 0.264799 0.300633 0.265251 0.301266 0.280163 0.287975 0.280163
1 0.273418 0.263895 0.262025 0.263895 0.261392 0.245368 0.272785 0.24582
1 0.383544 0.257569 0.373418 0.258021 0.371519 0.241753 0.383544 0.241301
1 0.4 0.254858 0.387975 0.256665 0.382911 0.236783 0.39557 0.234975
1 0.372785 0.258021 0.38481 0.258021 0.385443 0.276096 0.373418 0.276548
1 0.399367 0.274288 0.387342 0.27474 0.385443 0.256665 0.396835 0.255761
1 0.413924 0.256665 0.425949 0.256665 0.425949 0.276548 0.413924 0.276548
1 0.424684 0.256213 0.413924 0.256665 0.410127 0.237686 0.422152 0.236331
1 0.463291 0.215545 0.451266 0.215545 0.45 0.197921 0.460759 0.197469
1 0.451899 0.257569 0.440506 0.257569 0.438608 0.239042 0.450633 0.23859
1 0.64557 0.145052 0.643038 0.135111 0.671519 0.133303 0.673418 0.142793
1 0.339241 0.185269 0.351899 0.184817 0.353165 0.203344 0.341139 0.203796
1 0.394304 0.200181 0.381646 0.201536 0.379114 0.182558 0.390506 0.182106
1 0.39557 0.199729 0.408228 0.199277 0.409494 0.218256 0.396835 0.21916
1 0.407595 0.198825 0.39557 0.199729 0.392405 0.18075 0.405696 0.179846
1 0.421519 0.199277 0.410127 0.199277 0.407595 0.18075 0.420253 0.179846
1 0.446835 0.198825 0.43481 0.199729 0.433544 0.179394 0.446835 0.178943
1 0.436076 0.198825 0.446835 0.198825 0.446835 0.213285 0.435443 0.213285
1 0.272785 0.381835 0.285443 0.381383 0.286076 0.399006 0.274051 0.399458
1 0.251899 0.383642 0.26519 0.38319 0.268354 0.401265 0.255063 0.401265
1 0.23481 0.382738 0.248101 0.382738 0.248734 0.400362 0.236709 0.400813
1 0.844937 0.809309 0.838608 0.816087 0.818354 0.807049 0.824684 0.799819
1 0.723418 0.674198 0.723418 0.666968 0.744937 0.666064 0.74557 0.67465
1 0.698734 0.693177 0.698101 0.685495 0.721519 0.685495 0.721519 0.693177
1 0.699367 0.701762 0.698734 0.694532 0.722152 0.69408 0.722152 0.70131
1 0.731646 0.747854 0.731013 0.73972 0.753797 0.738816 0.753797 0.747402
1 0.794304 0.54948 0.805696 0.551288 0.801266 0.568007 0.789241 0.566652
1 0.813291 0.574333 0.801266 0.572074 0.806329 0.554903 0.817722 0.556258
1 0.827848 0.554903 0.837342 0.55897 0.824051 0.572978 0.814557 0.568911
1 0.840506 0.562133 0.849367 0.567555 0.833544 0.581112 0.824051 0.575689
1 0.851899 0.569363 0.858861 0.576141 0.842405 0.58789 0.833544 0.582015
1 0.864557 0.572526 0.872785 0.579756 0.855063 0.592408 0.846835 0.586534
1 0.786709 0.60235 0.774684 0.601446 0.774051 0.583823 0.786076 0.583823
1 0.796203 0.605513 0.796835 0.614099 0.774684 0.614099 0.773418 0.605513
1 0.776582 0.641211 0.775316 0.632625 0.801899 0.631722 0.803165 0.639855
1 0.805696 0.649345 0.805696 0.65793 0.779114 0.658834 0.778481 0.6507
1 0.865823 0.607772 0.858861 0.599638 0.88038 0.591053 0.886709 0.599638
1 0.887342 0.60235 0.891772 0.610484 0.872785 0.615454 0.867722 0.608224
1 0.894304 0.611839 0.898101 0.620877 0.877215 0.623588 0.872785 0.615002
1 0.896835 0.625395 0.897468 0.633981 0.874684 0.635337 0.873418 0.625847
1 0.808228 0.704474 0.808228 0.712607 0.786076 0.712607 0.784177 0.704022
1 0.808228 0.721645 0.806962 0.731134 0.781013 0.730682 0.781013 0.721645
1 0.808228 0.747854 0.806962 0.756891 0.785443 0.756891 0.784177 0.747854
1 0.722785 0.666064 0.720253 0.657479 0.743038 0.656123 0.744304 0.663805
1 0.720886 0.657479 0.720886 0.667872 0.692405 0.666968 0.691772 0.65793
1 0.720886 0.637596 0.720253 0.629914 0.74557 0.629462 0.746203 0.6385
1 0.71519 0.569815 0.71519 0.561681 0.736709 0.561681 0.737342 0.570267
1 0.810759 0.521464 0.811392 0.530953 0.785443 0.53005 0.784177 0.521464
1 0.798734 0.537732 0.801899 0.53005 0.824051 0.534117 0.820253 0.54225
1 0.841139 0.545865 0.844937 0.539087 0.867722 0.549028 0.862025 0.554903
1 0.887342 0.571622 0.897468 0.568459 0.908861 0.584727 0.899367 0.587438
1 0.687342 0.55174 0.686076 0.544058 0.708228 0.543154 0.708861 0.552192
1 0.712658 0.549932 0.712025 0.542702 0.736076 0.541798 0.736709 0.549932
1 0.686076 0.559873 0.685443 0.55174 0.709494 0.55174 0.708861 0.560777
1 0.712025 0.558518 0.710759 0.550836 0.737342 0.549932 0.737342 0.55897
1 0.687975 0.569815 0.687342 0.560777 0.714557 0.561229 0.713924 0.571622
1 0.691139 0.578852 0.690506 0.57117 0.714557 0.571622 0.714557 0.579756
1 0.69557 0.640307 0.694937 0.632174 0.718987 0.632174 0.718987 0.640759
1 0.717089 0.580208 0.715823 0.572074 0.739241 0.57117 0.739241 0.579304
1 0.717089 0.590601 0.714557 0.582015 0.741139 0.580208 0.743038 0.589245
1 0.691772 0.590601 0.690506 0.582919 0.713291 0.582015 0.713291 0.590149
1 0.741139 0.590149 0.741772 0.599638 0.718354 0.600542 0.716456 0.591053
1 0.717722 0.608676 0.717722 0.601446 0.739873 0.601898 0.739241 0.610032
1 0.717722 0.60235 0.718354 0.610484 0.696203 0.610935 0.694937 0.60235
1 0.717722 0.610935 0.718987 0.619973 0.696835 0.620425 0.694937 0.611839
1 0.718987 0.618165 0.717722 0.610935 0.739241 0.610484 0.739873 0.618617
1 0.720886 0.628107 0.717722 0.620877 0.738608 0.618617 0.741772 0.625847
1 0.874051 0.764121 0.86962 0.771803 0.848734 0.765477 0.852532 0.757343
1 0.86962 0.862178 0.858228 0.858563 0.868354 0.843651 0.878481 0.846814
1 0.629747 0.80479 0.627848 0.7953 0.65443 0.7953 0.653797 0.80479
1 0.846203 0.890646 0.835443 0.886579 0.849367 0.868956 0.858861 0.873023
0 0.265823 0.806597 0.26962 0.818798 0.208228 0.830999 0.202532 0.820606
1 0.502532 0.841844 0.489873 0.844103 0.477215 0.818346 0.488608 0.815635
1 0.976582 0.641211 0.968987 0.644374 0.955063 0.629914 0.963924 0.625847
1 0.987975 0.574785 0.991772 0.582919 0.970886 0.589245 0.964557 0.582015
1 0.991139 0.586534 0.994304 0.594668 0.974684 0.599187 0.968987 0.591957
1 0.994937 0.595572 0.998734 0.604609 0.978481 0.609128 0.972785 0.601446
1 0.951266 0.529146 0.939873 0.529146 0.936709 0.509263 0.95 0.508812
1 0.96519 0.527338 0.95443 0.527338 0.950633 0.509263 0.962658 0.508812
1 0.965823 0.507908 0.977215 0.507908 0.977215 0.523723 0.966456 0.523272
1 0.990506 0.526435 0.979747 0.526435 0.979114 0.509715 0.990506 0.509263
1 1.00063 0.525531 0.992405 0.525079 0.991772 0.510619 1.00063 0.511523
1 0.666456 0.217352 0.653165 0.217352 0.652532 0.197921 0.663924 0.197018
1 0.631646 0.00903751 0.632911 0.0189788 0.603165 0.0203344 0.601899 0.0103931
1 0.693671 0.0284681 0.692405 0.0203344 0.717722 0.0194306 0.717722 0.0275644
1 0.213291 0.0262088 0.215823 0.0334388 0.192405 0.0356981 0.189241 0.0284681
1 0.191772 0.0524175 0.188608 0.0447357 0.21519 0.0411207 0.217722 0.0497063
1 0.0835443 0.0366019 0.0841772 0.0293719 0.110127 0.0307275 0.108861 0.0388613
1 0.043038 0.228649 0.0386076 0.236783 0.0164557 0.229553 0.0208861 0.221871
1 0.231013 0.671035 0.225316 0.677813 0.201899 0.669679 0.207595 0.662449
1 0.101266 0.972887 0.102532 0.965206 0.118987 0.967465 0.117089 0.975599
1 0.155063 0.993222 0.163924 0.986896 0.177848 0.997741 0.16962 1.00045
0 0.272785 0.831902 0.276582 0.843651 0.23038 0.851333 0.225316 0.840488
0 0.28038 0.843651 0.282911 0.854496 0.231646 0.861726 0.227215 0.852237
0 0.298101 0.853141 0.300633 0.864437 0.251899 0.870764 0.247468 0.860371
1 0.555696 0.920922 0.546203 0.924537 0.534177 0.909173 0.544304 0.905558
1 0.794937 0.943516 0.784177 0.937189 0.801266 0.923181 0.810759 0.928604
1 0.827848 0.928604 0.827848 0.92047 0.85 0.920922 0.849367 0.929056
1 0.763291 0.971984 0.753797 0.969272 0.763291 0.955716 0.772785 0.958427
1 0.717722 0.972887 0.707595 0.967465 0.725316 0.953909 0.73481 0.960687
1 0.717089 0.929959 0.725316 0.936286 0.710759 0.948034 0.701266 0.94216
1 0.674684 0.964302 0.683544 0.968369 0.672152 0.981473 0.662658 0.977406
1 0.606329 0.969724 0.598734 0.976051 0.578481 0.962494 0.587342 0.956168
1 0.586076 0.95662 0.577215 0.960687 0.564557 0.947131 0.573418 0.943064
1 0.568354 0.938093 0.558861 0.941256 0.54557 0.925892 0.555696 0.922277
1 0.594304 0.980117 0.587342 0.986444 0.564557 0.971984 0.572785 0.966109
0 0.300633 0.884772 0.317722 0.882964 0.327848 0.924989 0.312658 0.926344
1 0.572785 0.966109 0.563924 0.971984 0.55 0.957524 0.560127 0.953457
1 0.553797 0.951197 0.544304 0.953909 0.531646 0.938545 0.541139 0.93493
1 0.524051 0.909173 0.513924 0.911432 0.503165 0.894713 0.514557 0.892454
1 0.511392 0.928604 0.499367 0.931315 0.489873 0.914144 0.502532 0.910981
1 0.522152 0.963398 0.510127 0.96385 0.507595 0.946227 0.518354 0.945775
0 0.376582 0.865341 0.390506 0.863986 0.398101 0.895617 0.382278 0.896972
0 0.34557 0.868052 0.362025 0.866245 0.372152 0.914596 0.356329 0.916855
0 0.331646 0.872119 0.346203 0.870764 0.356962 0.916855 0.340506 0.918211
0 0.317089 0.882061 0.332278 0.880705 0.342405 0.919114 0.327215 0.921374
1 0.741139 0.523272 0.742405 0.531857 0.718354 0.531857 0.717722 0.523723
1 0.487975 0.747854 0.481646 0.73972 0.506962 0.731134 0.513291 0.741527
1 0.0727848 0.464076 0.0632911 0.467691 0.0474684 0.454135 0.0556962 0.449164
1 0.390506 0.583371 0.388608 0.576141 0.412025 0.575237 0.412658 0.582015
1 0.393038 0.49164 0.405696 0.49164 0.406962 0.510167 0.39557 0.510619
1 0.393038 0.511975 0.381013 0.512427 0.379114 0.494803 0.391139 0.4939
1 0.379747 0.512878 0.366456 0.51333 0.363924 0.494352 0.377215 0.4939
1 0.351899 0.497063 0.364557 0.497515 0.364557 0.51333 0.351899 0.51333
1 0.58481 0.502937 0.597468 0.502485 0.600633 0.521916 0.587975 0.52282
1 0.570253 0.504745 0.583544 0.504745 0.586076 0.521012 0.572785 0.521916
1 0.558228 0.505648 0.568987 0.505197 0.570886 0.52282 0.560127 0.523272
1 0.542405 0.507004 0.55443 0.507004 0.555696 0.525983 0.543671 0.525983
1 0.543671 0.525079 0.531646 0.525079 0.53038 0.50836 0.541772 0.507908
1 0.516456 0.507908 0.529114 0.507908 0.531013 0.527338 0.518354 0.52779
1 0.503797 0.508812 0.515823 0.50836 0.518354 0.526435 0.505063 0.527338
1 0.487975 0.510167 0.501899 0.509715 0.50443 0.526887 0.492405 0.52779
1 0.462025 0.509263 0.474684 0.509715 0.476582 0.527338 0.463924 0.528242
1 0.448101 0.510619 0.460127 0.510619 0.462025 0.527338 0.449367 0.52779
1 0.434177 0.511071 0.447468 0.510167 0.448734 0.527338 0.436709 0.52779
1 0.420886 0.511071 0.43481 0.510619 0.436076 0.52779 0.422785 0.528242
1 0.409494 0.511975 0.420886 0.511975 0.422152 0.526887 0.409494 0.527338
1 0.382278 0.51333 0.394937 0.512878 0.396203 0.530953 0.384177 0.530953
1 0.367089 0.51333 0.379747 0.512878 0.381646 0.531405 0.367722 0.531405
1 0.303797 0.569363 0.302532 0.561229 0.328481 0.560325 0.329114 0.568911
1 0.363291 0.566652 0.362658 0.558518 0.389241 0.557162 0.390506 0.565296
1 0.420253 0.50836 0.408228 0.50836 0.407595 0.49164 0.41962 0.491188
1 0.433544 0.510167 0.421519 0.510167 0.41962 0.493448 0.432911 0.492544
1 0.446835 0.510167 0.43481 0.510619 0.433544 0.492996 0.446203 0.492544
1 0.449367 0.449616 0.462025 0.449616 0.462658 0.469047 0.450633 0.46995
1 0.114557 0.50113 0.103165 0.505648 0.0867089 0.488929 0.0974684 0.483958
1 0.28038 0.49887 0.291772 0.498418 0.294304 0.516945 0.281013 0.517849
1 0.253165 0.500678 0.265823 0.500226 0.267722 0.516945 0.255696 0.517849
1 0.305696 0.516493 0.318987 0.51559 0.322152 0.533213 0.308228 0.534568
1 0.576582 0.446905 0.587975 0.446905 0.589241 0.464528 0.577848 0.46498
1 0.537975 0.448712 0.550633 0.448712 0.551266 0.465432 0.538608 0.465432
1 0.517722 0.44826 0.529747 0.447808 0.532911 0.465432 0.520886 0.467239
1 0.502532 0.449616 0.51519 0.449164 0.517722 0.466335 0.505063 0.468143
1 0.467722 0.449164 0.48038 0.450068 0.48038 0.466335 0.468987 0.466787
1 0.443671 0.469498 0.431013 0.470854 0.429114 0.453231 0.440506 0.452327
1 0.460127 0.510167 0.448734 0.510619 0.446203 0.490737 0.458861 0.490285
1 0.424051 0.46995 0.411392 0.46995 0.410127 0.452779 0.422152 0.452327
1 0.597468 0.502033 0.586076 0.502485 0.584177 0.483958 0.596203 0.483958
1 0.582911 0.502937 0.570886 0.503841 0.56962 0.485766 0.58038 0.485314
1 0.556329 0.487573 0.567722 0.487573 0.56962 0.504745 0.558228 0.504745
1 0.541772 0.488025 0.55443 0.488025 0.555696 0.504293 0.544937 0.504745
1 0.541772 0.5061 0.53038 0.505648 0.529114 0.489381 0.540506 0.489381
1 0.516456 0.507908 0.50443 0.508812 0.5 0.491188 0.512658 0.490737
1 0.489873 0.49164 0.501266 0.492544 0.501266 0.509263 0.489873 0.509263
1 0.490506 0.509715 0.477848 0.511523 0.474051 0.49164 0.486709 0.490737
1 0.367089 0.576593 0.365823 0.567555 0.390506 0.566652 0.391139 0.574785
1 0.393038 0.593764 0.390506 0.586082 0.412025 0.584275 0.413291 0.591505
1 0.620886 0.725712 0.61962 0.716674 0.644304 0.71577 0.646203 0.724808
1 0.441772 0.563037 0.439873 0.554451 0.467089 0.553999 0.467722 0.562585
1 0.560759 0.673294 0.560127 0.664709 0.585443 0.663805 0.586076 0.672842
1 0.529114 0.680524 0.517089 0.680524 0.516456 0.662901 0.528481 0.663353
1 0.466456 0.716674 0.458228 0.710348 0.476582 0.700859 0.483544 0.708089
1 0.605696 0.554903 0.605063 0.546317 0.631013 0.546317 0.631646 0.554903
1 0.636709 0.553095 0.635443 0.545865 0.656329 0.545413 0.656962 0.553547
1 0.632278 0.563037 0.631013 0.555807 0.655696 0.554903 0.656329 0.563037
1 0.632911 0.5662 0.634177 0.575237 0.608861 0.576593 0.606962 0.567103
1 0.656329 0.5662 0.656329 0.574785 0.633544 0.575237 0.632278 0.565748
1 0.658861 0.576141 0.660127 0.58563 0.632911 0.585178 0.632278 0.576141
1 0.660759 0.585178 0.660759 0.59512 0.632911 0.594668 0.632278 0.585178
1 0.632911 0.584727 0.634177 0.594216 0.607595 0.59512 0.605696 0.585178
1 0.605063 0.623588 0.592405 0.623588 0.593038 0.604157 0.605696 0.604609
1 0.637975 0.632174 0.637342 0.623588 0.660759 0.623588 0.660127 0.632625
1 0.612025 0.632625 0.612658 0.62404 0.637975 0.624492 0.637975 0.633529
1 0.610127 0.642567 0.610127 0.634433 0.636709 0.634433 0.637342 0.643019
1 0.661392 0.64573 0.661392 0.654315 0.639241 0.653864 0.639241 0.644826
1 0.61519 0.661094 0.613924 0.652508 0.639873 0.652508 0.639873 0.660642
1 0.666456 0.66019 0.667722 0.670131 0.643038 0.670583 0.641772 0.661094
1 0.667089 0.684591 0.670886 0.69408 0.646835 0.696792 0.642405 0.688206
1 0.620253 0.705829 0.618354 0.698147 0.642405 0.697695 0.643038 0.705829
1 0.643038 0.714867 0.641772 0.706281 0.666456 0.705377 0.667089 0.713511
1 0.535443 0.67465 0.534177 0.666516 0.559494 0.66516 0.560127 0.674198
1 0.558228 0.644826 0.557595 0.637144 0.579747 0.636692 0.579114 0.644826
1 0.529747 0.627203 0.529114 0.617714 0.555063 0.617714 0.555063 0.627655
1 0.363291 0.653412 0.352532 0.647989 0.365823 0.632174 0.374684 0.63624
1 0.444304 0.572074 0.443038 0.56394 0.46519 0.56394 0.466456 0.571622
1 0.443671 0.582015 0.443038 0.572978 0.470253 0.572526 0.470253 0.581112
1 0.448734 0.591505 0.448734 0.584275 0.470253 0.583371 0.471519 0.590601
1 0.448734 0.600994 0.447468 0.59286 0.472152 0.592408 0.472152 0.60009
1 0.471519 0.570718 0.470253 0.563037 0.494937 0.562133 0.496203 0.570718
1 0.472152 0.562133 0.470253 0.553999 0.494937 0.553095 0.49557 0.561229
1 0.499367 0.552643 0.512658 0.552643 0.512658 0.570718 0.500633 0.57117
1 0.525316 0.55897 0.524051 0.550836 0.544937 0.550384 0.54557 0.55897
1 0.341772 0.64347 0.331646 0.638952 0.341772 0.625847 0.351266 0.629462
1 0.416456 0.676457 0.406962 0.671035 0.418987 0.659738 0.429114 0.66516
1 0.555696 0.613195 0.555063 0.605061 0.58038 0.604157 0.58038 0.612743
1 0.465823 0.611387 0.463924 0.603254 0.489873 0.602802 0.490506 0.611387
1 0.474684 0.638952 0.474684 0.63127 0.501266 0.629914 0.501266 0.6385
1 0.487975 0.648441 0.487342 0.639855 0.512025 0.639855 0.511392 0.648893
1 0.498734 0.649797 0.500633 0.659286 0.475949 0.66019 0.474051 0.652056
1 0.549367 0.55897 0.548734 0.550836 0.572152 0.549932 0.572152 0.558518
1 0.576582 0.559422 0.577848 0.569363 0.551899 0.569815 0.550633 0.560777
1 0.55 0.569363 0.551266 0.578852 0.526582 0.579304 0.524684 0.569363
1 0.552532 0.587438 0.551899 0.578852 0.576582 0.5784 0.576582 0.586986
1 0.527848 0.598735 0.527215 0.589245 0.548734 0.589697 0.549367 0.599187
1 0.0848101 0.0926344 0.0955696 0.0926344 0.0962025 0.107998 0.0848101 0.108902
