1 0.15362 0.920899 0.148728 0.918124 0.157534 0.913683 0.161448 0.916181
1 0.409002 0.809881 0.407045 0.806273 0.421233 0.804052 0.42319 0.807105
1 0.414384 0.792118 0.417319 0.796558 0.401663 0.799611 0.398728 0.795171
1 0.387965 0.759367 0.394814 0.758257 0.399217 0.767971 0.392857 0.769359
1 0.479941 0.903414 0.482877 0.907577 0.466732 0.910908 0.464286 0.906467
1 0.398239 0.801277 0.401174 0.805717 0.387476 0.808215 0.38454 0.80433
1 0.383562 0.988621 0.3909 0.98751 0.394325 0.996947 0.386986 0.99778
1 0.141389 0.913128 0.136008 0.909797 0.146282 0.904802 0.151174 0.907855
1 0.80773 0.721343 0.799902 0.722731 0.794031 0.714127 0.80137 0.712739
1 0.13454 0.345545 0.140411 0.34499 0.141879 0.353872 0.136008 0.354427
1 0.117417 0.290591 0.124266 0.290036 0.127202 0.299195 0.119863 0.300028
1 0.905088 0.932834 0.901174 0.935887 0.888943 0.930613 0.893346 0.927283
1 0.958904 0.875382 0.960372 0.871496 0.975049 0.873161 0.973581 0.877047
1 0.768591 0.706633 0.761252 0.707744 0.755382 0.698307 0.761742 0.696364
1 0.795499 0.701638 0.78816 0.70247 0.7818 0.692756 0.790117 0.691091
1 0.799902 0.739939 0.806262 0.738829 0.810176 0.7466 0.803816 0.74771
0 0.159002 0.966417 0.150196 0.967527 0.143346 0.955037 0.151663 0.953927
1 0.7818 0.716347 0.787671 0.714682 0.794031 0.723009 0.787671 0.724674
1 0.800881 0.688315 0.807241 0.687205 0.813112 0.696919 0.806751 0.698585
1 0.812622 0.954482 0.809198 0.957535 0.79501 0.95254 0.797456 0.949487
1 0.893836 0.941993 0.8909 0.944768 0.879159 0.94005 0.882583 0.937274
1 0.841977 0.949764 0.848826 0.949764 0.847847 0.959478 0.840509 0.959201
1 0.29501 0.964197 0.29501 0.961143 0.308708 0.960588 0.309198 0.963919
