1 0.950326 0.561205 0.958469 0.549906 0.965798 0.583804 0.958469 0.595104
1 0.392508 0.111111 0.401466 0.111111 0.400651 0.148776 0.392508 0.146893
1 0.166938 0.13371 0.159609 0.131827 0.159609 0.0885122 0.166938 0.0885122
1 0.183225 0.13371 0.175081 0.13371 0.175896 0.0903955 0.183225 0.0922787
1 0.218241 0.0112994 0.226384 0.0131827 0.226384 0.0583804 0.217427 0.0583804
1 0.235342 0.0169492 0.243485 0.0169492 0.242671 0.0583804 0.234528 0.0583804
1 0.135993 0.19209 0.145765 0.19209 0.145765 0.235405 0.135993 0.233522
1 0.122964 0.188324 0.131922 0.188324 0.131107 0.235405 0.122964 0.235405
1 0.267915 0.201507 0.275244 0.199623 0.27443 0.241055 0.267101 0.241055
1 0.278502 0.0960452 0.285831 0.0960452 0.285831 0.131827 0.277687 0.131827
1 0.252443 0.0150659 0.258958 0.0150659 0.258143 0.0546139 0.251629 0.0527307
1 0.410423 0.109228 0.418567 0.111111 0.417752 0.143126 0.410423 0.143126
1 0.958469 0.553672 0.966612 0.542373 0.974756 0.576271 0.967427 0.585687
1 0.429153 0.111111 0.436482 0.111111 0.436482 0.145009 0.428339 0.145009
1 0.460912 0.218456 0.469055 0.218456 0.468241 0.256121 0.460912 0.256121
1 0.485342 0.220339 0.4943 0.220339 0.493485 0.258004 0.484528 0.256121
1 0.495114 0.216573 0.502443 0.216573 0.500814 0.258004 0.4943 0.258004
1 0.511401 0.258004 0.504072 0.259887 0.504072 0.222222 0.511401 0.220339
1 0.478013 0.107345 0.486156 0.109228 0.486156 0.145009 0.477199 0.143126
1 0.487785 0.112994 0.495114 0.112994 0.4943 0.146893 0.486971 0.145009
1 0.509772 0.163842 0.5 0.161959 0.500814 0.114878 0.509772 0.114878
1 0.511401 0.116761 0.520358 0.116761 0.51873 0.158192 0.510586 0.158192
1 0.15798 0.12806 0.150651 0.12806 0.150651 0.0922787 0.15798 0.0903955
1 0.521987 0.116761 0.529316 0.116761 0.528502 0.158192 0.521173 0.156309
1 0.529316 0.118644 0.535831 0.118644 0.536645 0.152542 0.529316 0.152542
1 0.537459 0.118644 0.545603 0.116761 0.545603 0.154426 0.537459 0.152542
1 0.692182 0.12806 0.700326 0.12806 0.698697 0.165725 0.691368 0.165725
1 0.707655 0.129944 0.716612 0.131827 0.715798 0.167608 0.707655 0.167608
1 0.696254 0.231638 0.704397 0.233522 0.703583 0.271186 0.694625 0.271186
1 0.703583 0.233522 0.712541 0.235405 0.711726 0.27307 0.703583 0.27307
1 0.712541 0.235405 0.720684 0.235405 0.720684 0.27307 0.712541 0.27307
1 0.722313 0.229755 0.729642 0.229755 0.728827 0.271186 0.721498 0.269303
1 0.736156 0.27307 0.728827 0.27307 0.729642 0.231638 0.736971 0.233522
1 0.762215 0.274953 0.754886 0.274953 0.754886 0.239171 0.763029 0.241055
1 0.934853 0.310734 0.930782 0.297552 0.943811 0.27307 0.948697 0.288136
1 0.94544 0.293785 0.949511 0.308851 0.938925 0.327684 0.934039 0.312618
1 0.950326 0.310734 0.954397 0.323917 0.942182 0.344633 0.938111 0.33145
1 0.955212 0.3258 0.959283 0.338983 0.946254 0.361582 0.941368 0.348399
1 0.959283 0.34275 0.963355 0.359699 0.950326 0.378531 0.94544 0.363465
1 0.963355 0.357815 0.967427 0.372881 0.955212 0.39548 0.949511 0.380414
1 0.967427 0.376648 0.971498 0.393597 0.956026 0.418079 0.95114 0.403013
1 0.913681 0.446328 0.908795 0.431262 0.921824 0.410546 0.92671 0.425612
1 0.934039 0.506591 0.929967 0.493409 0.942182 0.472693 0.946254 0.485876
1 0.942997 0.544256 0.938111 0.531073 0.949511 0.506591 0.955212 0.519774
1 0.958469 0.519774 0.962541 0.53484 0.949511 0.557439 0.94544 0.542373
1 0.993485 0.493409 0.998371 0.510358 0.984528 0.527307 0.980456 0.510358
1 0.699511 0.13371 0.709283 0.135593 0.708469 0.173258 0.698697 0.171375
1 0.683225 0.126177 0.691368 0.126177 0.691368 0.163842 0.683225 0.163842
1 0.546417 0.116761 0.552932 0.116761 0.552932 0.150659 0.546417 0.150659
1 0.674267 0.126177 0.68241 0.124294 0.681596 0.163842 0.673453 0.163842
1 0.552932 0.118644 0.561075 0.120527 0.561075 0.152542 0.552932 0.152542
1 0.561075 0.120527 0.569218 0.120527 0.570033 0.158192 0.561889 0.158192
1 0.570847 0.120527 0.57899 0.122411 0.57899 0.160075 0.570847 0.160075
1 0.581433 0.122411 0.587948 0.122411 0.587948 0.158192 0.580619 0.158192
1 0.589577 0.126177 0.596091 0.126177 0.596091 0.160075 0.588762 0.160075
1 0.596091 0.129944 0.60342 0.129944 0.60342 0.163842 0.596091 0.163842
1 0.611564 0.163842 0.604235 0.165725 0.604235 0.129944 0.611564 0.131827
1 0.62215 0.160075 0.613192 0.161959 0.612378 0.12806 0.621336 0.12806
1 0.530945 0.214689 0.539902 0.216573 0.539088 0.26177 0.53013 0.26177
1 0.540717 0.214689 0.54886 0.216573 0.547231 0.26177 0.539902 0.26177
1 0.549674 0.218456 0.557818 0.218456 0.556189 0.263653 0.548046 0.26177
1 0.557818 0.224105 0.565961 0.224105 0.565147 0.263653 0.557003 0.263653
1 0.565961 0.225989 0.574919 0.224105 0.574104 0.263653 0.565147 0.265537
1 0.574104 0.229755 0.582248 0.229755 0.582248 0.265537 0.574919 0.263653
1 0.583062 0.227872 0.59202 0.227872 0.591205 0.265537 0.582248 0.263653
1 0.59202 0.225989 0.600977 0.225989 0.600163 0.265537 0.59202 0.265537
1 0.602606 0.225989 0.610749 0.225989 0.609935 0.26742 0.601792 0.265537
1 0.647394 0.122411 0.656352 0.122411 0.655537 0.161959 0.647394 0.161959
1 0.656352 0.122411 0.664495 0.122411 0.664495 0.160075 0.656352 0.158192
