1 0.888485 0.221992 0.876364 0.21888 0.884848 0.195021 0.894545 0.198133
0 0.717576 0.43361 0.730909 0.428423 0.756364 0.490664 0.741818 0.494813
0 0.793939 0.588174 0.809697 0.592324 0.789091 0.656639 0.774545 0.65249
0 0.618182 0.576763 0.633939 0.571577 0.655758 0.626556 0.64 0.631743
0 0.627879 0.551867 0.643636 0.54668 0.666667 0.612033 0.652121 0.61722
0 0.567273 0.538382 0.58303 0.534232 0.601212 0.587137 0.585455 0.591286
0 0.581818 0.51971 0.596364 0.514523 0.612121 0.570539 0.597576 0.573651
0 0.595152 0.506224 0.608485 0.501037 0.629091 0.561203 0.613333 0.565353
0 0.655758 0.526971 0.64 0.53112 0.612121 0.466805 0.626667 0.460581
0 0.652121 0.512448 0.666667 0.508299 0.690909 0.571577 0.676364 0.575726
0 0.678788 0.476141 0.692121 0.471992 0.712727 0.536307 0.698182 0.539419
0 0.664242 0.503112 0.648485 0.508299 0.630303 0.456432 0.644848 0.451245
0 0.681212 0.488589 0.665455 0.493776 0.641212 0.428423 0.655758 0.423237
0 0.690909 0.462656 0.673939 0.466805 0.654545 0.414938 0.669091 0.409751
0 0.701818 0.447095 0.684848 0.451245 0.667879 0.394191 0.683636 0.390041
0 0.687273 0.455394 0.70303 0.44917 0.728485 0.516598 0.712727 0.521784
0 0.70303 0.451245 0.72 0.447095 0.740606 0.509336 0.726061 0.512448
0 0.77697 0.512448 0.793939 0.516598 0.772121 0.580913 0.755152 0.576763
0 0.797576 0.513485 0.813333 0.516598 0.795152 0.584025 0.780606 0.579876
0 0.774545 0.58195 0.790303 0.587137 0.768485 0.653527 0.753939 0.64834
0 0.753939 0.580913 0.769697 0.585062 0.750303 0.651452 0.734545 0.647303
0 0.73697 0.574689 0.752727 0.577801 0.732121 0.644191 0.717576 0.640041
0 0.226667 0.529046 0.221818 0.538382 0.161212 0.517635 0.166061 0.507261
0 0.315152 0.310166 0.30303 0.30083 0.344242 0.259336 0.353939 0.267635
0 0.452121 0.29668 0.441212 0.288382 0.477576 0.247925 0.489697 0.256224
0 0.338182 0.349585 0.327273 0.342324 0.370909 0.29668 0.380606 0.304979
0 0.2 0.427386 0.189091 0.41805 0.233939 0.375519 0.244848 0.383817
0 0.333333 0.397303 0.346667 0.407676 0.304242 0.452282 0.292121 0.443983
0 0.349091 0.425311 0.361212 0.434647 0.318788 0.48029 0.306667 0.473029
0 0.407273 0.36722 0.420606 0.375519 0.370909 0.428423 0.36 0.420124
0 0.695758 0.742739 0.710303 0.744813 0.69697 0.810166 0.682424 0.808091
0 0.683636 0.605809 0.700606 0.604772 0.698182 0.675311 0.683636 0.674274
0 0.712727 0.746888 0.729697 0.748963 0.715152 0.813278 0.700606 0.811203
0 0.730909 0.75 0.747879 0.752075 0.733333 0.81639 0.718788 0.813278
0 0.751515 0.746888 0.767273 0.746888 0.76 0.814315 0.744242 0.813278
0 0.775758 0.754149 0.790303 0.755187 0.793939 0.814315 0.780606 0.814315
0 0.606061 0.678423 0.606061 0.691909 0.526061 0.685685 0.526061 0.673237
0 0.592727 0.656639 0.590303 0.671162 0.511515 0.661826 0.512727 0.64834
0 0.558788 0.634855 0.555152 0.650415 0.478788 0.639004 0.481212 0.625519
0 0.814545 0.512448 0.831515 0.516598 0.814545 0.580913 0.798788 0.576763
0 0.732121 0.423237 0.747879 0.415975 0.770909 0.479253 0.756364 0.48444
1 0.873939 0.216805 0.861818 0.213693 0.869091 0.191909 0.88 0.195021
0 0.716364 0.437759 0.70303 0.440871 0.682424 0.384855 0.694545 0.380705
1 0.813333 0.149378 0.802424 0.146266 0.810909 0.125519 0.821818 0.129668
1 0.825455 0.155602 0.813333 0.15249 0.821818 0.130705 0.832727 0.133817
1 0.836364 0.156639 0.826667 0.153527 0.835152 0.13278 0.844848 0.135892
1 0.852121 0.158714 0.841212 0.155602 0.848485 0.135892 0.858182 0.139004
1 0.86303 0.1639 0.852121 0.161826 0.859394 0.140041 0.869091 0.143154
1 0.870303 0.142116 0.860606 0.140041 0.869091 0.11722 0.878788 0.120332
1 0.883636 0.145228 0.872727 0.143154 0.88 0.122407 0.889697 0.123444
1 0.894545 0.147303 0.884848 0.145228 0.890909 0.126556 0.900606 0.127593
1 0.906667 0.153527 0.895758 0.150415 0.904242 0.127593 0.915152 0.129668
1 0.92 0.157676 0.907879 0.153527 0.917576 0.131743 0.928485 0.134855
1 0.900606 0.172199 0.888485 0.16805 0.89697 0.150415 0.906667 0.153527
1 0.887273 0.167012 0.876364 0.162863 0.883636 0.147303 0.892121 0.150415
1 0.875152 0.165975 0.866667 0.1639 0.871515 0.144191 0.881212 0.146266
1 0.750303 0.189834 0.739394 0.187759 0.747879 0.167012 0.757576 0.169087
1 0.763636 0.189834 0.753939 0.187759 0.762424 0.167012 0.770909 0.170124
1 0.734545 0.186722 0.724848 0.18361 0.734545 0.162863 0.74303 0.164938
1 0.850909 0.211618 0.841212 0.209544 0.847273 0.187759 0.85697 0.190871
1 0.775758 0.139004 0.767273 0.135892 0.774545 0.116183 0.784242 0.119295
1 0.789091 0.143154 0.775758 0.140041 0.785455 0.118257 0.797576 0.121369
1 0.846061 0.136929 0.835152 0.133817 0.843636 0.110996 0.855758 0.115145
0 0.751515 0.343361 0.752727 0.329876 0.830303 0.338174 0.827879 0.35166
0 0.732121 0.423237 0.717576 0.427386 0.694545 0.373444 0.709091 0.369295
0 0.74303 0.410788 0.727273 0.4139 0.709091 0.364108 0.723636 0.359959
0 0.757576 0.394191 0.74303 0.39834 0.724848 0.35166 0.740606 0.34751
0 0.746667 0.406639 0.761212 0.403527 0.781818 0.459544 0.768485 0.46473
0 0.756364 0.378631 0.770909 0.374481 0.790303 0.428423 0.774545 0.43361
0 0.768485 0.362033 0.784242 0.357884 0.803636 0.407676 0.786667 0.412863
0 0.61697 0.376556 0.603636 0.368257 0.642424 0.325726 0.652121 0.335062
0 0.757576 0.328838 0.757576 0.314315 0.821818 0.319502 0.820606 0.332988
1 0.835152 0.13278 0.825455 0.129668 0.832727 0.109959 0.842424 0.112033
1 0.806061 0.0684647 0.793939 0.0653527 0.801212 0.0425311 0.813333 0.0466805
1 0.938182 0.0363071 0.940606 0.0446058 0.921212 0.0518672 0.916364 0.0435685
1 0.94303 0.0446058 0.946667 0.0539419 0.926061 0.063278 0.92 0.0549793
1 0.940606 0.0829876 0.934545 0.0726141 0.956364 0.063278 0.962424 0.0726141
1 0.953939 0.104772 0.949091 0.0954357 0.968485 0.0860996 0.974545 0.0943983
1 0.963636 0.123444 0.957576 0.112033 0.979394 0.103734 0.985455 0.113071
1 0.821818 0.129668 0.809697 0.125519 0.818182 0.10166 0.829091 0.104772
0 0.406061 0.349585 0.390303 0.346473 0.415758 0.284232 0.431515 0.287344
