1 0.986459 0.0898528 0.996615 0.091402 0.99323 0.113865 0.984428 0.110767
1 0.979689 0.0782339 0.979689 0.0906274 0.955992 0.0898528 0.955992 0.0774593
0 0.392011 0.20062 0.403521 0.188226 0.434665 0.235476 0.424509 0.246321
0 0.39675 0.179706 0.40826 0.168087 0.440081 0.214562 0.429926 0.225407
0 0.400135 0.159566 0.413676 0.147947 0.444144 0.195198 0.433311 0.205267
0 0.410291 0.145624 0.421124 0.134779 0.452945 0.179706 0.442789 0.192099
0 0.41503 0.123935 0.425863 0.11464 0.457684 0.161115 0.446175 0.172734
0 0.423155 0.110767 0.434665 0.0991479 0.465809 0.146398 0.454976 0.158017
0 0.631009 0.120837 0.645227 0.122386 0.640487 0.182029 0.626947 0.18048
0 0.646581 0.118513 0.660799 0.120837 0.656737 0.176607 0.641842 0.175058
0 0.661476 0.120062 0.676371 0.120837 0.670955 0.178931 0.657414 0.177382
0 0.675017 0.121611 0.691266 0.122386 0.687881 0.181255 0.672986 0.179706
0 0.691266 0.122386 0.707515 0.12471 0.702776 0.183579 0.687204 0.181255
0 0.672309 0.182804 0.687881 0.183579 0.683142 0.244771 0.667569 0.244771
0 0.688558 0.182029 0.703453 0.184353 0.699391 0.241673 0.683142 0.240124
0 0.446852 0.296669 0.448206 0.279628 0.503724 0.284276 0.501693 0.301317
0 0.628978 0.329202 0.624238 0.312161 0.672986 0.295895 0.677048 0.312161
0 0.63304 0.345469 0.628301 0.329202 0.677725 0.312161 0.681787 0.329202
0 0.549763 0.429899 0.536899 0.422928 0.555856 0.366383 0.56872 0.372579
0 0.563304 0.432223 0.551794 0.426801 0.570074 0.371805 0.582938 0.378002
0 0.630332 0.382649 0.625592 0.367157 0.673663 0.345469 0.679079 0.36096
0 0.688558 0.337723 0.699391 0.328428 0.727827 0.377227 0.717671 0.387297
0 0.701422 0.32378 0.712932 0.314485 0.739336 0.366383 0.72715 0.375678
0 0.687881 0.376452 0.701422 0.366383 0.726473 0.417506 0.71564 0.426801
0 0.68111 0.391944 0.693297 0.385747 0.714286 0.440744 0.702776 0.44694
0 0.67434 0.412084 0.68585 0.404338 0.707515 0.458559 0.694651 0.465531
0 0.623561 0.422928 0.618145 0.407436 0.664184 0.383424 0.670278 0.39969
0 0.625592 0.442293 0.619499 0.426026 0.666215 0.402789 0.672309 0.41828
0 0.666215 0.431448 0.678402 0.425252 0.698037 0.479473 0.68585 0.486445
0 0.656737 0.446166 0.668246 0.439969 0.684496 0.49574 0.672986 0.501936
0 0.639133 0.447715 0.651997 0.439969 0.669601 0.49574 0.656737 0.501936
0 0.384563 0.217661 0.394719 0.206042 0.427217 0.250194 0.415708 0.262587
0 0.34868 0.746708 0.354096 0.731216 0.400812 0.75213 0.397427 0.766847
0 0.174001 0.73354 0.176032 0.715724 0.226811 0.728892 0.223426 0.745159
0 0.251185 0.422928 0.246445 0.43842 0.200406 0.419055 0.205146 0.403563
0 0.317536 0.234702 0.312119 0.250968 0.259986 0.230054 0.264049 0.214562
0 0.310088 0.251743 0.306026 0.26646 0.253893 0.245546 0.257955 0.230829
0 0.305349 0.268784 0.300609 0.283501 0.249831 0.261038 0.253893 0.247095
0 0.298578 0.282727 0.295193 0.298218 0.243737 0.27653 0.2478 0.260263
0 0.296547 0.300542 0.291808 0.316034 0.241029 0.291247 0.244414 0.277304
0 0.285037 0.329977 0.280975 0.345469 0.229519 0.32378 0.234259 0.309063
0 0.351388 0.36251 0.356127 0.347792 0.390657 0.363284 0.386594 0.377227
0 0.359513 0.329977 0.364252 0.31371 0.402167 0.329977 0.397427 0.345469
0 0.345972 0.375678 0.350034 0.36096 0.387271 0.379551 0.383209 0.393493
0 0.340555 0.395817 0.344617 0.379551 0.381855 0.395817 0.377793 0.411309
0 0.279621 0.348567 0.276236 0.364833 0.224103 0.344694 0.227488 0.329977
0 0.274882 0.366383 0.270819 0.381875 0.219364 0.36096 0.224103 0.345469
0 0.263372 0.408211 0.259309 0.425252 0.212593 0.405112 0.217332 0.388846
0 0.245091 0.442293 0.240352 0.45701 0.193636 0.435321 0.197698 0.420604
0 0.116452 0.705655 0.119838 0.688613 0.169262 0.707204 0.1652 0.721921
0 0.21327 0.490318 0.218009 0.477149 0.26608 0.498838 0.262018 0.512781
0 0.207177 0.515105 0.211916 0.498838 0.259986 0.519752 0.255924 0.535244
0 0.203791 0.529047 0.207177 0.515105 0.255924 0.534469 0.251862 0.549187
0 0.198375 0.543765 0.203791 0.529822 0.251185 0.552285 0.247123 0.566228
0 0.193636 0.558482 0.199052 0.543765 0.2478 0.566228 0.24306 0.58172
0 0.264726 0.50426 0.27759 0.509682 0.265403 0.566228 0.252539 0.562355
0 0.188219 0.575523 0.192959 0.560031 0.241029 0.58172 0.236967 0.596437
0 0.18348 0.59024 0.186865 0.574748 0.236967 0.596437 0.23155 0.61038
0 0.188896 0.62897 0.192959 0.615027 0.241029 0.636716 0.236967 0.651433
0 0.184834 0.646785 0.188896 0.631294 0.237644 0.654531 0.232905 0.669249
0 0.180095 0.667699 0.184834 0.653757 0.232227 0.67622 0.227488 0.690163
0 0.175355 0.68629 0.179418 0.670798 0.227488 0.69481 0.222749 0.709527
0 0.164523 0.702556 0.169262 0.687064 0.215978 0.709527 0.211239 0.724245
0 0.626947 0.461658 0.638456 0.453912 0.661476 0.507359 0.649966 0.515105
0 0.61476 0.469404 0.628978 0.462432 0.648612 0.517428 0.636425 0.523625
0 0.602573 0.477149 0.616114 0.470178 0.634394 0.5244 0.622207 0.529822
1 0.804333 0.159566 0.795531 0.154144 0.80501 0.129357 0.813135 0.134779
1 0.129316 0.45701 0.116452 0.450813 0.129993 0.415182 0.141503 0.420604
1 0.115775 0.505809 0.104265 0.500387 0.111713 0.477149 0.121869 0.482572
1 0.106974 0.528273 0.098172 0.523625 0.105619 0.502711 0.113744 0.508133
0 0.083954 0.461658 0.098849 0.467854 0.0825999 0.518203 0.0683819 0.513555
0 0.0880162 0.591015 0.0731212 0.584043 0.0893703 0.540666 0.104265 0.546863
0 0.0677048 0.652982 0.0514557 0.646011 0.069736 0.592564 0.0866622 0.599535
1 0.0182803 0.717273 0.00677048 0.7134 0.0155721 0.689388 0.0250508 0.693261
1 0.0304672 0.735089 0.0392688 0.738187 0.0331754 0.7622 0.0243737 0.759101
1 0.0737982 0.80945 0.0785376 0.797831 0.0974949 0.80945 0.0941097 0.818745
1 0.0548409 0.82804 0.0521327 0.839659 0.0297901 0.831913 0.0331754 0.820294
1 0.406229 0.0487994 0.417739 0.0511232 0.413676 0.0751356 0.402167 0.0720372
1 0.784022 0.147173 0.773866 0.142525 0.780636 0.120062 0.789438 0.123935
1 0.7935 0.152595 0.784022 0.146398 0.792146 0.122386 0.802302 0.127808
1 0.815166 0.164214 0.805687 0.159566 0.814489 0.13323 0.82329 0.138652
1 0.110359 0.387297 0.10088 0.382649 0.109005 0.356313 0.119838 0.36096
1 0.828707 0.137103 0.831415 0.125484 0.853758 0.13323 0.849695 0.1433
1 0.831415 0.164988 0.821936 0.161115 0.828707 0.137878 0.836831 0.142525
1 0.840217 0.174284 0.831415 0.169636 0.840894 0.144074 0.848341 0.148722
1 0.855112 0.175058 0.844956 0.171185 0.851049 0.148722 0.859851 0.15182
1 0.863913 0.178156 0.856466 0.175833 0.859851 0.153369 0.867976 0.155693
1 0.901828 0.0906274 0.911307 0.0937258 0.907921 0.116964 0.898443 0.113865
1 0.789438 0.193648 0.779282 0.195972 0.775897 0.170411 0.784699 0.168087
1 0.800948 0.199845 0.790792 0.201394 0.787407 0.172734 0.796209 0.171185
1 0.800948 0.179706 0.810427 0.178931 0.811104 0.204493 0.802979 0.203718
1 0.845633 0.197521 0.857143 0.195198 0.859174 0.222308 0.848341 0.222308
1 0.870007 0.226181 0.859851 0.22773 0.859174 0.207591 0.867976 0.206816
1 0.871361 0.209915 0.881517 0.208366 0.882194 0.234702 0.872715 0.234702
1 0.921462 0.0929512 0.930941 0.0983734 0.919431 0.118513 0.91063 0.110767
1 0.118483 0.395817 0.107651 0.39117 0.115775 0.367932 0.124577 0.37103
1 0.127285 0.369481 0.116452 0.366383 0.124577 0.337723 0.13541 0.343145
0 0.596479 0.519752 0.607989 0.509682 0.637102 0.557707 0.626269 0.567002
0 0.555856 0.911696 0.571429 0.917119 0.551794 0.978311 0.537576 0.972889
0 0.437373 0.553834 0.443466 0.537568 0.495599 0.559256 0.49086 0.575523
0 0.569397 0.622773 0.582261 0.628195 0.562627 0.682417 0.551117 0.676995
0 0.599865 0.636716 0.613406 0.643687 0.59174 0.698683 0.579553 0.692486
0 0.613406 0.646011 0.625592 0.651433 0.607312 0.705655 0.595125 0.700232
0 0.578876 0.700232 0.593094 0.705655 0.574814 0.7622 0.560596 0.756778
0 0.400135 0.768397 0.406906 0.75213 0.454299 0.776143 0.447529 0.792409
0 0.436696 0.832688 0.451591 0.837335 0.433988 0.89543 0.41977 0.890782
0 0.484089 0.841983 0.498307 0.847405 0.480704 0.902401 0.467163 0.896979
0 0.498307 0.851278 0.511171 0.8567 0.492214 0.910922 0.480704 0.9055
0 0.516588 0.857475 0.522681 0.843532 0.567366 0.868319 0.561273 0.882262
0 0.568043 0.886135 0.57346 0.870643 0.618822 0.893106 0.613406 0.907049
0 0.511848 0.883036 0.525389 0.889233 0.507786 0.943455 0.493568 0.937258
0 0.526743 0.889233 0.540284 0.89543 0.522681 0.950426 0.50914 0.944229
0 0.582938 0.927963 0.597156 0.933385 0.58023 0.989156 0.566689 0.982184
1 0.134733 0.321456 0.119838 0.315259 0.131347 0.28505 0.145565 0.291247
0 0.769127 0.209915 0.77522 0.194423 0.821936 0.215337 0.81652 0.230829
0 0.821259 0.233153 0.826676 0.217661 0.873392 0.240124 0.867976 0.253292
0 0.755586 0.246321 0.761679 0.230054 0.809749 0.248644 0.804333 0.264136
0 0.815843 0.250194 0.821936 0.234702 0.86933 0.254841 0.863913 0.270333
0 0.810427 0.264911 0.815843 0.248644 0.863913 0.269558 0.858497 0.284276
0 0.755586 0.269558 0.759648 0.253292 0.808395 0.270333 0.80501 0.284276
0 0.746784 0.2866 0.750846 0.271882 0.798917 0.2866 0.796209 0.299768
0 0.800948 0.297444 0.80501 0.282727 0.853081 0.302866 0.849018 0.317583
0 0.787407 0.318358 0.790792 0.302091 0.838863 0.319132 0.8348 0.33385
0 0.627624 0.650658 0.639133 0.656081 0.620853 0.711077 0.607312 0.705655
0 0.591063 0.0588691 0.591063 0.0379551 0.642519 0.0433772 0.641165 0.0619675
0 0.675694 0.0658404 0.677048 0.045701 0.727827 0.0503486 0.726473 0.0712626
0 0.785376 0.0797831 0.784699 0.0580945 0.849695 0.0627421 0.848341 0.0836561
0 0.317536 0.213788 0.312796 0.22928 0.264726 0.208366 0.269465 0.193648
