1 0.321574 0.378788 0.317503 0.393939 0.290366 0.383838 0.294437 0.367003
1 0.082768 0.117845 0.0868385 0.0993266 0.113976 0.112795 0.108548 0.127946
1 0.0936228 0.0622896 0.100407 0.0454545 0.127544 0.0572391 0.122117 0.0740741
1 0.0881954 0.0993266 0.0936228 0.0824916 0.118046 0.0976431 0.112619 0.111111
1 0.137042 0.181818 0.141113 0.164983 0.166893 0.178451 0.161465 0.193603
1 0.142469 0.166667 0.147897 0.148148 0.170963 0.159933 0.166893 0.175084
1 0.166893 0.19697 0.17232 0.180135 0.196744 0.190236 0.191316 0.207071
1 0.312076 0.397306 0.308005 0.412458 0.282225 0.400673 0.286296 0.385522
1 0.225237 0.367003 0.232022 0.348485 0.253731 0.363636 0.248304 0.380471
1 0.309362 0.417508 0.305292 0.430976 0.276798 0.415825 0.280868 0.402357
1 0.199457 0.442761 0.202171 0.424242 0.226594 0.43266 0.222524 0.447811
1 0.207598 0.422559 0.213026 0.407407 0.237449 0.424242 0.232022 0.43771
1 0.207598 0.405724 0.203528 0.419192 0.181818 0.405724 0.187246 0.390572
1 0.240163 0.39899 0.237449 0.415825 0.210312 0.405724 0.214383 0.390572
1 0.188602 0.372054 0.192673 0.356902 0.218453 0.368687 0.211669 0.385522
1 0.195387 0.356902 0.199457 0.340067 0.222524 0.351852 0.218453 0.367003
1 0.252374 0.13468 0.257802 0.117845 0.280868 0.131313 0.274084 0.148148
1 0.127544 0.299663 0.134328 0.284512 0.158752 0.304714 0.151967 0.318182
1 0.139756 0.265993 0.143826 0.249158 0.17232 0.265993 0.16825 0.279461
1 0.147897 0.250842 0.154681 0.234007 0.179104 0.250842 0.17232 0.265993
1 0.12076 0.23569 0.126187 0.217172 0.150611 0.228956 0.143826 0.245791
1 0.151967 0.23064 0.158752 0.213805 0.183175 0.23064 0.177748 0.244108
1 0.160109 0.217172 0.161465 0.200337 0.189959 0.210438 0.187246 0.225589
