1 0.415945 0.330791 0.420277 0.323856 0.436742 0.332871 0.432409 0.339112
1 0.132582 0.613731 0.137782 0.60749 0.15338 0.617892 0.149047 0.622746
1 0.240035 0.54577 0.246967 0.538835 0.260832 0.549931 0.255633 0.555479
1 0.211438 0.524965 0.215771 0.520111 0.22617 0.527046 0.222704 0.531207
1 0.202773 0.5319 0.207972 0.524965 0.220104 0.533981 0.214905 0.538141
1 0.233969 0.561026 0.239168 0.554785 0.249567 0.561026 0.245234 0.566574
1 0.194107 0.54577 0.199307 0.538835 0.213172 0.546463 0.207972 0.553398
1 0.188908 0.552011 0.194107 0.54577 0.207106 0.552705 0.20364 0.558946
1 0.182842 0.556172 0.188908 0.549931 0.202773 0.561026 0.197574 0.565881
1 0.212305 0.57975 0.217504 0.573509 0.233102 0.583911 0.228769 0.589459
1 0.188908 0.574202 0.184575 0.580444 0.166378 0.571429 0.170711 0.565187
1 0.208839 0.587379 0.214038 0.581137 0.22617 0.588766 0.221837 0.594313
1 0.20364 0.592926 0.208839 0.586685 0.221837 0.5957 0.217504 0.601248
1 0.19844 0.599168 0.20364 0.59362 0.215771 0.601248 0.210572 0.606103
1 0.194974 0.605409 0.199307 0.599168 0.210572 0.605409 0.207106 0.61165
1 0.183709 0.580444 0.179376 0.585992 0.162045 0.57767 0.167244 0.571429
1 0.161179 0.584605 0.166378 0.579057 0.177643 0.585298 0.17331 0.590153
1 0.152513 0.59154 0.157712 0.584605 0.171577 0.592926 0.167244 0.599168
1 0.188042 0.610264 0.192374 0.603329 0.207972 0.612344 0.204506 0.616505
1 0.202773 0.619279 0.197574 0.624133 0.183709 0.616505 0.188908 0.610957
1 0.180243 0.622053 0.184575 0.616505 0.194974 0.62344 0.191508 0.628294
1 0.246967 0.539528 0.2513 0.534674 0.264298 0.543689 0.259965 0.54785
1 0.254766 0.527739 0.259965 0.522191 0.272097 0.5319 0.267764 0.536061
1 0.259965 0.522885 0.265165 0.515257 0.281629 0.524272 0.277296 0.530513
1 0.214905 0.219834 0.208839 0.212899 0.22357 0.204577 0.229636 0.210818
1 0.210572 0.184466 0.214038 0.192094 0.194974 0.198336 0.191508 0.191401
1 0.207106 0.212899 0.20104 0.206657 0.216638 0.198336 0.220971 0.204577
1 0.162045 0.352982 0.154246 0.348821 0.166378 0.334951 0.17331 0.338419
1 0.268631 0.509015 0.272964 0.503467 0.287695 0.512483 0.282496 0.518031
1 0.136915 0.339112 0.129116 0.334951 0.141248 0.321775 0.14818 0.325936
1 0.27643 0.4681 0.271231 0.474341 0.253899 0.464632 0.260832 0.457698
1 0.268631 0.473648 0.264298 0.479196 0.252166 0.470874 0.258232 0.466019
1 0.265165 0.480583 0.261698 0.486824 0.246101 0.479196 0.250433 0.472954
1 0.259099 0.486824 0.255633 0.492372 0.240035 0.48405 0.244367 0.479196
1 0.256499 0.493759 0.252166 0.499307 0.233969 0.490291 0.239168 0.48405
1 0.250433 0.501387 0.245234 0.506241 0.232236 0.497226 0.237435 0.491678
1 0.227036 0.502774 0.231369 0.49792 0.243501 0.505548 0.239168 0.509709
1 0.168977 0.626214 0.174177 0.620666 0.188908 0.627601 0.184575 0.632455
1 0.170711 0.633842 0.175043 0.628294 0.187175 0.634535 0.182842 0.63939
1 0.40208 0.349515 0.407279 0.343967 0.420277 0.350902 0.415078 0.356449
1 0.165511 0.640083 0.169844 0.634535 0.182842 0.640777 0.17851 0.647018
1 0.29896 0.473648 0.305026 0.466713 0.319757 0.476422 0.314558 0.481969
1 0.306759 0.468793 0.310225 0.463245 0.32149 0.469487 0.318024 0.473648
1 0.308492 0.461165 0.313692 0.455617 0.32669 0.463245 0.322357 0.469487
1 0.285095 0.457004 0.281629 0.462552 0.267764 0.454924 0.272097 0.449376
1 0.272964 0.447295 0.27643 0.441748 0.292894 0.450763 0.287695 0.456311
1 0.277296 0.443135 0.281629 0.436893 0.294627 0.444521 0.290295 0.449376
1 0.281629 0.4362 0.285095 0.429958 0.298094 0.4362 0.294627 0.441748
1 0.285962 0.429958 0.289428 0.424411 0.303293 0.432732 0.299827 0.437587
1 0.319757 0.450069 0.32409 0.443828 0.339688 0.450763 0.335355 0.456311
1 0.327556 0.437587 0.333622 0.430652 0.350087 0.439667 0.344887 0.446602
1 0.343154 0.428571 0.347487 0.42233 0.358752 0.427878 0.353553 0.434119
1 0.343154 0.420943 0.348354 0.414008 0.364818 0.423024 0.359619 0.429958
1 0.342288 0.39043 0.337955 0.396671 0.320624 0.389043 0.324957 0.382108
1 0.32669 0.381415 0.331889 0.375173 0.345754 0.382802 0.340555 0.38835
1 0.361352 0.402913 0.365685 0.397365 0.37695 0.404993 0.373484 0.409847
1 0.372617 0.384189 0.378683 0.377254 0.393414 0.387656 0.387348 0.393897
1 0.402946 0.37656 0.400347 0.382108 0.383016 0.37448 0.386482 0.368932
1 0.339688 0.369626 0.344021 0.364078 0.356153 0.370319 0.35182 0.375867
1 0.350087 0.357143 0.354419 0.350208 0.367418 0.357143 0.362218 0.363384
1 0.29896 0.481276 0.304159 0.476422 0.316291 0.483356 0.311092 0.488211
1 0.292028 0.485437 0.295494 0.481276 0.309359 0.490291 0.305893 0.494452
1 0.284229 0.490985 0.289428 0.48405 0.306759 0.495146 0.300693 0.500693
1 0.110052 0.643551 0.114385 0.637309 0.12825 0.644938 0.124783 0.649792
1 0.127383 0.621359 0.133449 0.615118 0.15078 0.62344 0.146447 0.630374
1 0.158579 0.644244 0.162045 0.638696 0.17591 0.646325 0.17331 0.651179
1 0.152513 0.650485 0.156846 0.644244 0.170711 0.653259 0.167244 0.658114
1 0.149047 0.656727 0.154246 0.650485 0.168977 0.659501 0.165511 0.664355
1 0.144714 0.662968 0.149047 0.65742 0.163778 0.665742 0.160312 0.671983
1 0.139515 0.669903 0.144714 0.664355 0.158579 0.672677 0.154246 0.678225
1 0.135182 0.675451 0.139515 0.669903 0.15338 0.676838 0.14818 0.683079
1 0.116118 0.638003 0.120451 0.631068 0.135182 0.638003 0.132582 0.644938
1 0.105719 0.652566 0.108319 0.647712 0.122184 0.653953 0.118718 0.658807
1 0.27383 0.502774 0.279896 0.496533 0.294627 0.505548 0.290295 0.511789
1 0.0961872 0.65742 0.10052 0.651179 0.119584 0.660194 0.113518 0.667129
1 0.126516 0.680999 0.130849 0.674757 0.14818 0.684466 0.143847 0.68932
1 0.120451 0.692788 0.12565 0.68724 0.136915 0.695562 0.133449 0.700416
1 0.108319 0.671983 0.102253 0.678225 0.0840555 0.668516 0.0892548 0.662968
1 0.12825 0.706657 0.123917 0.712205 0.107452 0.704577 0.111785 0.698336
1 0.0918544 0.692788 0.0866551 0.698336 0.0710572 0.68932 0.0762565 0.683773
1 0.0823224 0.70527 0.0771231 0.710818 0.0606586 0.701803 0.0649913 0.696255
1 0.0684575 0.715673 0.0658579 0.720527 0.0519931 0.713592 0.0554593 0.708738
