1 0.901478 0.595434 0.878489 0.589954 0.896552 0.557991 0.91954 0.56347
1 0.917898 0.837443 0.939245 0.842009 0.922824 0.87032 0.90312 0.86758
1 0.502463 0.808219 0.495895 0.819178 0.44335 0.809132 0.45156 0.79726
1 0.589491 0.823744 0.640394 0.83379 0.632184 0.844749 0.582923 0.83653
1 0.423645 0.826484 0.477833 0.837443 0.469622 0.849315 0.415435 0.840183
1 0.579639 0.851142 0.630542 0.858447 0.625616 0.87032 0.576355 0.86484
1 0.382594 0.89589 0.438424 0.90137 0.43514 0.915068 0.380952 0.908676
1 0.602627 0.908676 0.596059 0.920548 0.545156 0.910502 0.551724 0.899543
1 0.374384 0.924201 0.384236 0.912329 0.441708 0.924201 0.43514 0.93516
1 0.353038 0.954338 0.359606 0.942466 0.418719 0.952511 0.408867 0.964384
1 0.527094 0.948858 0.53202 0.936986 0.577997 0.943379 0.571429 0.954338
1 0.512315 0.96347 0.517241 0.951598 0.569787 0.958904 0.56486 0.971689
1 0.561576 0.976256 0.55665 0.989041 0.505747 0.981735 0.512315 0.968037
1 0.665025 0.952511 0.686371 0.957078 0.666667 0.989041 0.64532 0.985388
1 0.873563 0.924201 0.893268 0.928767 0.875205 0.958904 0.853859 0.954338
1 0.724138 0.841096 0.747126 0.844749 0.732348 0.872146 0.711002 0.869406
1 0.8867 0.792694 0.904762 0.796347 0.891626 0.826484 0.870279 0.822831
1 0.79803 0.760731 0.773399 0.755251 0.794745 0.722374 0.816092 0.728767
1 0.824302 0.713242 0.802956 0.707763 0.821018 0.677626 0.842365 0.683105
1 0.845649 0.677626 0.821018 0.671233 0.845649 0.635616 0.866995 0.642009
1 0.878489 0.631963 0.853859 0.626484 0.873563 0.592694 0.898194 0.599087
1 0.889984 0.890411 0.909688 0.893151 0.898194 0.920548 0.875205 0.916895
