1 0.912951 0.10274 0.893843 0.113014 0.874735 0.0787671 0.893843 0.0719178
1 0.575372 0.114726 0.575372 0.0993151 0.611465 0.104452 0.609342 0.116438
1 0.416136 0.251712 0.416136 0.267123 0.375796 0.268836 0.375796 0.253425
1 0.273885 0.297945 0.273885 0.280822 0.314225 0.27911 0.316348 0.296233
1 0.271762 0.280822 0.271762 0.263699 0.314225 0.261986 0.312102 0.277397
1 0.276008 0.260274 0.276008 0.244863 0.316348 0.243151 0.314225 0.258562
1 0.278132 0.243151 0.280255 0.226027 0.320594 0.22774 0.316348 0.243151
1 0.420382 0.19863 0.420382 0.181507 0.456476 0.183219 0.458599 0.19863
1 0.284501 0.193493 0.286624 0.17637 0.324841 0.179795 0.322718 0.193493
1 0.573248 0.148973 0.575372 0.135274 0.609342 0.136986 0.607219 0.152397
1 0.382166 0.160959 0.382166 0.145548 0.416136 0.14726 0.418259 0.160959
1 0.796178 0.392123 0.779193 0.390411 0.785563 0.357877 0.800425 0.359589
1 0.430998 0.0770548 0.430998 0.0599315 0.471338 0.0616438 0.471338 0.0770548
1 0.420382 0.270548 0.418259 0.284247 0.373673 0.284247 0.373673 0.268836
1 0.41189 0.287671 0.409766 0.303082 0.369427 0.303082 0.369427 0.285959
1 0.416136 0.303082 0.416136 0.285959 0.450106 0.285959 0.452229 0.303082
1 0.600849 0.207192 0.600849 0.22089 0.564756 0.219178 0.562633 0.207192
1 0.802548 0.244863 0.787686 0.243151 0.789809 0.208904 0.806794 0.210616
1 0.707006 0.157534 0.707006 0.172945 0.664544 0.171233 0.664544 0.155822
1 0.566879 0.342466 0.566879 0.328767 0.607219 0.328767 0.605096 0.344178
1 0.556263 0.325342 0.558386 0.340753 0.52017 0.342466 0.52017 0.327055
1 0.66242 0.292808 0.66242 0.27911 0.698514 0.280822 0.696391 0.294521
1 0.276008 0.332192 0.276008 0.316781 0.314225 0.316781 0.314225 0.330479
1 0.41189 0.321918 0.41189 0.335616 0.373673 0.337329 0.373673 0.321918
1 0.416136 0.335616 0.416136 0.321918 0.454352 0.321918 0.454352 0.335616
1 0.416136 0.318493 0.416136 0.304795 0.458599 0.304795 0.456476 0.318493
1 0.600849 0.309932 0.600849 0.327055 0.56051 0.325342 0.56051 0.308219
1 0.698514 0.260274 0.698514 0.275685 0.658174 0.277397 0.658174 0.260274
1 0.556263 0.308219 0.55414 0.32363 0.511677 0.318493 0.515924 0.303082
1 0.566879 0.306507 0.566879 0.291096 0.596603 0.292808 0.596603 0.306507
1 0.556263 0.273973 0.556263 0.289384 0.52017 0.287671 0.52017 0.27226
1 0.52017 0.253425 0.522293 0.236301 0.56051 0.239726 0.558386 0.258562
1 0.566879 0.27226 0.566879 0.255137 0.605096 0.255137 0.602972 0.27226
1 0.56051 0.255137 0.562633 0.238014 0.600849 0.241438 0.600849 0.256849
