1 0.947785 0.760766 0.941456 0.745215 0.988924 0.733254 0.993671 0.748804
1 0.780063 0.854067 0.797468 0.848086 0.808544 0.868421 0.791139 0.874402
1 0.0981013 0.0215311 0.113924 0.0239234 0.106013 0.0514354 0.0901899 0.0466507
1 0.0791139 0.0191388 0.0949367 0.0227273 0.0870253 0.0430622 0.0727848 0.0406699
1 0.0601266 0.0191388 0.0759494 0.0203349 0.0664557 0.041866 0.0537975 0.0382775
1 0.0917722 0.0992823 0.0806962 0.106459 0.0632911 0.0837321 0.0759494 0.0801435
1 0.0427215 0.0179426 0.0553797 0.0215311 0.0474684 0.0406699 0.0348101 0.0370813
1 0.0205696 0.0179426 0.0363924 0.0191388 0.028481 0.0406699 0.0158228 0.0394737
1 0.0648734 0.723684 0.0870253 0.721292 0.0917722 0.751196 0.0696203 0.751196
1 0.101266 0.796651 0.102848 0.807416 0.0727848 0.808612 0.0712025 0.797847
1 0.102848 0.814593 0.102848 0.822967 0.0727848 0.825359 0.0727848 0.814593
1 0.0253165 0.813397 0.0379747 0.813397 0.039557 0.834928 0.0268987 0.833732
1 0.106013 0.837321 0.106013 0.849282 0.0759494 0.851675 0.0727848 0.840909
1 0.10443 0.875598 0.107595 0.885167 0.0791139 0.889952 0.0775316 0.879187
1 0.109177 0.888756 0.109177 0.898325 0.0822785 0.900718 0.0806962 0.892344
1 0.109177 0.904306 0.110759 0.912679 0.0822785 0.913876 0.0806962 0.906699
1 0.0158228 1 0.0110759 0.985646 0.0427215 0.980861 0.0443038 0.992823
1 0.577532 0.863636 0.582278 0.874402 0.552215 0.881579 0.549051 0.87201
