1 0.00153139 0.650458 0.00689127 0.646934 0.0153139 0.657505 0.0107198 0.661029
1 0.085758 0.193798 0.0788668 0.194503 0.0781011 0.181113 0.0842266 0.181113
1 0.0627871 0.183228 0.0689127 0.183228 0.0696784 0.195913 0.0627871 0.195913
1 0.0535988 0.183932 0.06049 0.183932 0.06049 0.195913 0.0543645 0.195208
1 0.0474732 0.183932 0.0543645 0.183932 0.0535988 0.195913 0.0467075 0.196617
1 0.0459418 0.195208 0.0398162 0.195913 0.0375191 0.181818 0.0444104 0.181113
1 0.0306279 0.184637 0.0382848 0.183932 0.0382848 0.197322 0.0306279 0.197322
1 0.0222052 0.184637 0.0290965 0.184637 0.0283308 0.198027 0.0222052 0.198027
1 0.0145482 0.185342 0.0214395 0.184637 0.0214395 0.198027 0.0153139 0.198027
1 0.00612557 0.186047 0.0145482 0.184637 0.0137825 0.197322 0.00612557 0.197322
1 0.0903522 0.236082 0.0826953 0.235377 0.0826953 0.220578 0.0895865 0.220578
1 0.0819296 0.233968 0.0750383 0.233968 0.0750383 0.221283 0.0803982 0.220578
1 0.0842266 0.236786 0.0903522 0.236082 0.0903522 0.248767 0.0842266 0.248062
1 0.075804 0.236082 0.0826953 0.235377 0.0826953 0.249471 0.0765697 0.250176
1 0.0742726 0.25229 0.0666156 0.25229 0.068147 0.237491 0.0750383 0.237491
1 0.0750383 0.233968 0.0689127 0.234672 0.068147 0.221283 0.0735069 0.221283
1 0.0589587 0.219873 0.0658499 0.219168 0.0658499 0.236082 0.0589587 0.236082
1 0.0513017 0.236082 0.058193 0.235377 0.058193 0.249471 0.0513017 0.249471
1 0.050536 0.248767 0.042879 0.249471 0.0436447 0.235377 0.050536 0.235377
1 0.0704441 0.183228 0.0765697 0.182523 0.0781011 0.195913 0.0712098 0.195913
1 0.0926493 0.195208 0.085758 0.195208 0.0865237 0.178999 0.093415 0.179704
1 0.00765697 0.642706 0.0130168 0.639887 0.0206738 0.651163 0.0160796 0.653982
1 0.0574273 0.155743 0.0566616 0.163495 0.0367534 0.162791 0.0382848 0.155039
1 0.195253 0.00211416 0.20291 0.00211416 0.202144 0.0155039 0.195253 0.0162086
1 0.193721 0.151515 0.193721 0.159267 0.175345 0.159267 0.175345 0.15222
1 0.111026 0.143763 0.11026 0.151515 0.0926493 0.151515 0.093415 0.144468
1 0.121746 0.122622 0.121746 0.11487 0.138591 0.116279 0.137825 0.123326
1 0.0566616 0.231853 0.0513017 0.232558 0.050536 0.219873 0.0558959 0.219168
1 0.0497703 0.233968 0.042879 0.233968 0.0421133 0.218464 0.0490046 0.219168
1 0.0421133 0.236082 0.0352221 0.235377 0.0359877 0.220578 0.0421133 0.220578
1 0.0413476 0.247357 0.0359877 0.248062 0.0352221 0.236082 0.0405819 0.236082
1 0.0421133 0.578576 0.0474732 0.574348 0.058193 0.582805 0.0535988 0.587738
1 0.0558959 0.587738 0.0612557 0.584214 0.0689127 0.59549 0.0635528 0.599013
1 0.0497703 0.59408 0.0558959 0.590557 0.0627871 0.602537 0.0566616 0.605356
1 0.0375191 0.584214 0.0413476 0.579281 0.0528331 0.587738 0.0497703 0.591966
1 0.0336907 0.591261 0.0382848 0.586328 0.0490046 0.59408 0.0444104 0.599013
1 0.0444104 0.601128 0.050536 0.596195 0.058193 0.606765 0.0528331 0.610994
1 0.0382848 0.606061 0.0459418 0.602537 0.0535988 0.613813 0.0467075 0.617336
1 0.0214395 0.602537 0.0260337 0.596195 0.0382848 0.605356 0.0344564 0.610289
1 0.0344564 0.611698 0.0405819 0.608879 0.0474732 0.618746 0.0413476 0.621564
1 0.0290965 0.618746 0.0336907 0.615222 0.042879 0.625088 0.0382848 0.628612
1 0.017611 0.608175 0.0214395 0.604651 0.0321593 0.611698 0.0290965 0.615222
1 0.0137825 0.614517 0.017611 0.610289 0.0275651 0.616631 0.0237366 0.621564
1 0.0229709 0.624383 0.0290965 0.62086 0.0367534 0.632135 0.0306279 0.634954
1 0.00842266 0.61945 0.0122511 0.615222 0.0237366 0.622974 0.0199081 0.627907
1 0.017611 0.632135 0.0237366 0.627202 0.0313936 0.639183 0.0260337 0.643411
1 0.0183767 0.628612 0.0145482 0.633545 0.00229709 0.625793 0.00612557 0.62086
1 0.0122511 0.637068 0.017611 0.634249 0.0267994 0.644116 0.0214395 0.646934
1 0.0474732 0.571529 0.0520674 0.567301 0.0620214 0.575758 0.058193 0.579986
1 0.0612557 0.581395 0.0673813 0.577872 0.0750383 0.589147 0.068147 0.592671
1 0.00306279 0.559549 0.00689127 0.555321 0.0199081 0.563777 0.0160796 0.56871
1 0.114855 0.458069 0.111026 0.462297 0.0964778 0.452431 0.0995406 0.448203
1 0.0336907 0.250176 0.0267994 0.250176 0.0267994 0.236786 0.0336907 0.236786
1 0.032925 0.235377 0.0267994 0.236082 0.0260337 0.221283 0.0321593 0.221283
1 0.025268 0.235377 0.0191424 0.236082 0.017611 0.221283 0.0229709 0.221283
1 0.0160796 0.235377 0.0107198 0.235377 0.00918836 0.221987 0.0153139 0.221283
1 0.017611 0.249471 0.0107198 0.249471 0.0107198 0.237491 0.0160796 0.236786
1 0.0574273 0.305144 0.050536 0.300916 0.0620214 0.288231 0.0673813 0.292459
1 0.147014 0.463707 0.141654 0.469345 0.128637 0.460183 0.133231 0.454545
1 0.107963 0.465116 0.103369 0.469345 0.0895865 0.458069 0.0941807 0.453841
1 0.025268 0.558844 0.0214395 0.563073 0.00765697 0.553911 0.0114855 0.549683
1 0.0819296 0.469345 0.0865237 0.465116 0.0980092 0.474278 0.0941807 0.477801
1 0.0666156 0.484144 0.0704441 0.479915 0.0819296 0.489782 0.0781011 0.49401
1 0.0597243 0.491191 0.0643185 0.486963 0.0750383 0.497533 0.0704441 0.501057
1 0.0283308 0.530655 0.0321593 0.526427 0.0459418 0.536998 0.0421133 0.541226
1 0.0237366 0.537703 0.0290965 0.53277 0.0390505 0.542636 0.0352221 0.546864
1 0.017611 0.544045 0.0214395 0.538407 0.0313936 0.546159 0.0283308 0.550388
1 0.0137825 0.549683 0.0183767 0.54475 0.0290965 0.553206 0.025268 0.557435
