1 0.522013 0.295775 0.530099 0.293427 0.538185 0.304577 0.5292 0.306925
1 0.184187 0.457746 0.176101 0.45716 0.176101 0.446596 0.183288 0.446596
1 0.176101 0.458333 0.167116 0.457746 0.168913 0.448357 0.176101 0.448944
1 0.166217 0.457746 0.15903 0.45716 0.15903 0.446596 0.166217 0.446596
1 0.157233 0.45716 0.149146 0.45716 0.150045 0.445423 0.15903 0.446009
1 0.25876 0.393192 0.248877 0.392606 0.249775 0.378521 0.25876 0.379108
1 0.200359 0.41784 0.191375 0.41784 0.192273 0.40669 0.200359 0.407277
1 0.171608 0.428404 0.16442 0.428404 0.165319 0.416667 0.172507 0.417254
1 0.163522 0.42723 0.155436 0.426643 0.157233 0.415493 0.16442 0.41608
1 0.137466 0.41608 0.146451 0.41608 0.145553 0.426643 0.137466 0.426056
1 0.100629 0.411972 0.108715 0.412559 0.10602 0.422535 0.0979335 0.421362
1 0.519317 0.393192 0.510332 0.392606 0.512129 0.380869 0.520216 0.381455
1 0.148248 0.455986 0.138365 0.455399 0.140162 0.443662 0.149146 0.444249
1 0.118598 0.421362 0.109614 0.420775 0.110512 0.411972 0.118598 0.411972
1 0.136568 0.423709 0.126685 0.422535 0.128482 0.412559 0.138365 0.413146
1 0.155436 0.424883 0.146451 0.424883 0.146451 0.413146 0.155436 0.413146
1 0.513028 0.441315 0.504942 0.440728 0.507637 0.430164 0.515723 0.431338
1 0.495058 0.443662 0.486074 0.444249 0.485175 0.431925 0.49416 0.431925
1 0.508535 0.474765 0.499551 0.474178 0.500449 0.464789 0.508535 0.464789
1 0.497754 0.474765 0.490566 0.474178 0.490566 0.464202 0.498652 0.464789
1 0.489668 0.474765 0.480683 0.473592 0.48248 0.463028 0.490566 0.463615
1 0.471698 0.473005 0.462713 0.472418 0.46451 0.462441 0.473495 0.463028
1 0.454627 0.471244 0.444744 0.470657 0.444744 0.460681 0.45283 0.460681
1 0.306379 0.434272 0.298293 0.434272 0.299191 0.423122 0.306379 0.423122
1 0.297394 0.434272 0.28841 0.433685 0.290207 0.422535 0.297394 0.423122
1 0.28841 0.433685 0.279425 0.433685 0.281222 0.422535 0.28841 0.422535
1 0.279425 0.433099 0.27044 0.433099 0.273136 0.420775 0.279425 0.421362
1 0.271339 0.431925 0.25876 0.431338 0.261456 0.419014 0.272237 0.420188
1 0.211141 0.45892 0.201258 0.45892 0.201258 0.448357 0.209344 0.44777
1 0.193172 0.457746 0.183288 0.457746 0.184187 0.444836 0.193172 0.445423
1 0.2354 0.420775 0.244385 0.421362 0.244385 0.431338 0.236298 0.431338
1 0.225517 0.419014 0.234501 0.419601 0.2354 0.430164 0.225517 0.430164
1 0.216532 0.429577 0.207547 0.429577 0.207547 0.419601 0.21743 0.420188
1 0.247978 0.409038 0.256963 0.409624 0.254268 0.421948 0.245283 0.420775
1 0.228212 0.417254 0.220126 0.417254 0.219227 0.407864 0.227314 0.407277
1 0.208446 0.41784 0.201258 0.41784 0.201258 0.407864 0.209344 0.408451
1 0.174304 0.414319 0.165319 0.414319 0.166217 0.402582 0.175202 0.403169
