0 0.702247 0.748162 0.700562 0.744485 0.707303 0.738051 0.708989 0.742647
0 0.157303 0.786765 0.157303 0.782169 0.16573 0.782169 0.16573 0.786765
0 0.176966 0.763787 0.176966 0.759191 0.183146 0.76011 0.183146 0.764706
0 0.158427 0.763787 0.158427 0.758272 0.16573 0.759191 0.16573 0.763787
0 0.149438 0.750919 0.146629 0.751838 0.146629 0.741728 0.149438 0.741728
0 0.145506 0.750919 0.142135 0.750919 0.142135 0.73989 0.144944 0.73989
0 0.172472 0.787684 0.17191 0.782169 0.178652 0.782169 0.178652 0.787684
0 0.632584 0.754596 0.634831 0.752757 0.639326 0.767463 0.636517 0.770221
0 0.145506 0.785846 0.144944 0.789522 0.139888 0.790441 0.139888 0.785846
1 0.148876 0.834559 0.146067 0.834559 0.146067 0.825368 0.148876 0.825368
1 0.203371 0.82261 0.205618 0.821691 0.208989 0.831801 0.20618 0.83364
