1 0.932976 0.0929178 0.929625 0.0974504 0.918901 0.0906516 0.922252 0.0866856
1 0.920912 0.101983 0.91622 0.105382 0.908177 0.098017 0.913539 0.0946176
1 0.914879 0.112181 0.910858 0.116714 0.898794 0.107082 0.903485 0.103683
1 0.203083 0.345609 0.207775 0.341643 0.215818 0.348442 0.211126 0.352975
1 0.208445 0.34221 0.213137 0.337677 0.22118 0.344476 0.217158 0.348442
1 0.256032 0.354108 0.25134 0.35864 0.241957 0.351275 0.247319 0.346742
1 0.260724 0.349008 0.257373 0.353541 0.247319 0.346742 0.25067 0.34221
1 0.254021 0.337677 0.259383 0.331445 0.270777 0.339377 0.265416 0.344476
1 0.279491 0.332011 0.274799 0.335977 0.264075 0.328045 0.269437 0.324079
1 0.239276 0.310482 0.244638 0.305949 0.25134 0.312181 0.247319 0.316714
1 0.204424 0.300283 0.209115 0.304249 0.201072 0.312748 0.19571 0.309348
1 0.270777 0.32238 0.275469 0.318414 0.283512 0.325779 0.279491 0.328612
1 0.275469 0.318414 0.27882 0.314448 0.288204 0.321813 0.284853 0.325212
1 0.27815 0.313314 0.282172 0.308782 0.290885 0.315581 0.286863 0.319547
1 0.265416 0.298017 0.262735 0.301983 0.253351 0.296317 0.257373 0.291785
1 0.300938 0.307082 0.296917 0.311615 0.288204 0.304816 0.292225 0.30085
1 0.264075 0.23966 0.269437 0.242493 0.261394 0.252691 0.256032 0.249858
1 0.302279 0.260623 0.298257 0.265156 0.288874 0.258924 0.292225 0.254391
1 0.327748 0.279887 0.324397 0.284419 0.314343 0.27762 0.319035 0.273654
1 0.382038 0.292351 0.387399 0.295751 0.378686 0.304816 0.373995 0.301416
1 0.370643 0.298584 0.365952 0.295751 0.373324 0.286119 0.378016 0.288952
1 0.365952 0.294051 0.36126 0.290652 0.368633 0.282153 0.372654 0.284986
1 0.198391 0.350708 0.202413 0.346742 0.210456 0.353541 0.206434 0.356941
1 0.242627 0.365439 0.238606 0.369972 0.229223 0.363173 0.233244 0.359207
1 0.19504 0.356374 0.199062 0.352408 0.206434 0.35864 0.202413 0.36204
1 0.16555 0.384703 0.170241 0.380737 0.178954 0.389235 0.174263 0.393768
1 0.183646 0.381303 0.178954 0.385836 0.170241 0.379037 0.174263 0.373938
1 0.202413 0.36204 0.198391 0.366572 0.189008 0.36034 0.193029 0.355807
1 0.175603 0.375071 0.180295 0.370538 0.188338 0.377904 0.184316 0.38187
1 0.211126 0.397734 0.209115 0.401133 0.200402 0.394901 0.203083 0.392068
1 0.217158 0.393768 0.213807 0.3983 0.203083 0.390935 0.207105 0.386969
1 0.208445 0.385836 0.213137 0.381303 0.22185 0.388102 0.217828 0.391501
1 0.214477 0.377337 0.219169 0.373371 0.227882 0.380737 0.223861 0.385269
1 0.22319 0.370538 0.228552 0.365439 0.237936 0.373938 0.233244 0.377337
1 0.19437 0.371671 0.190349 0.376204 0.180965 0.369405 0.184987 0.365439
1 0.197721 0.366572 0.1937 0.370538 0.184987 0.364306 0.188338 0.36034
1 0.363271 0.278754 0.368633 0.281586 0.36126 0.291218 0.355898 0.287819
1 0.354558 0.287252 0.349866 0.283853 0.357239 0.275921 0.36193 0.27932
1 0.345174 0.278754 0.340483 0.275921 0.347855 0.266856 0.352547 0.269688
1 0.870643 0.0895184 0.866622 0.094051 0.857909 0.0872521 0.86193 0.0827195
1 0.822386 0.0798867 0.827748 0.074221 0.836461 0.0827195 0.831769 0.0872521
1 0.831769 0.0872521 0.828418 0.0917847 0.817024 0.0832861 0.821046 0.0787535
1 0.823727 0.0963173 0.819705 0.101416 0.809651 0.0951841 0.813673 0.090085
1 0.855228 0.105382 0.851877 0.109915 0.841823 0.10255 0.845845 0.098017
1 0.851206 0.111615 0.856568 0.106516 0.865282 0.115014 0.86126 0.11898
1 0.864611 0.101416 0.869303 0.0957507 0.879357 0.104816 0.874665 0.109348
1 0.85992 0.100283 0.855228 0.104816 0.845845 0.0968839 0.851206 0.0923513
1 0.851877 0.0912181 0.856568 0.0866856 0.867292 0.0957507 0.862601 0.100283
1 0.871314 0.0951841 0.875335 0.090085 0.884718 0.098017 0.880027 0.101983
1 0.854558 0.0719547 0.847855 0.0764873 0.836461 0.0623229 0.843164 0.0589235
1 0.878016 0.0855524 0.873324 0.090085 0.86126 0.0793201 0.865952 0.0753541
1 0.884048 0.078187 0.879357 0.0832861 0.865952 0.074221 0.869973 0.0691218
1 0.872654 0.0708215 0.877346 0.0657224 0.88807 0.0730878 0.883378 0.0787535
1 0.886059 0.0787535 0.890751 0.0730878 0.903485 0.0815864 0.898794 0.0872521
1 0.880027 0.14051 0.876676 0.145042 0.868633 0.13881 0.872654 0.134844
1 0.88874 0.135411 0.884718 0.139943 0.873995 0.129745 0.878686 0.126346
1 0.88807 0.133711 0.880697 0.125779 0.884048 0.122946 0.892091 0.130312
1 0.899464 0.126346 0.896113 0.130878 0.884048 0.122946 0.88941 0.11898
1 0.845845 0.0708215 0.842493 0.0764873 0.831769 0.0696884 0.835791 0.0651558
1 0.876005 0.0436261 0.871314 0.0492918 0.857909 0.0407932 0.863271 0.0351275
1 0.408847 0.261756 0.413539 0.264589 0.404826 0.273654 0.400804 0.271388
1 0.418901 0.192068 0.424263 0.188669 0.430965 0.198867 0.425603 0.201133
1 0.432976 0.290085 0.428284 0.287252 0.436997 0.277054 0.441019 0.28102
1 0.400804 0.268555 0.395442 0.265156 0.404826 0.254958 0.409517 0.258924
1 0.38874 0.245892 0.394102 0.249858 0.384718 0.257224 0.380027 0.253824
1 0.379357 0.238527 0.384048 0.241926 0.373324 0.250992 0.369303 0.247592
1 0.38941 0.230028 0.385389 0.233994 0.375335 0.225496 0.380027 0.222096
1 0.399464 0.22153 0.395442 0.225496 0.386729 0.217564 0.392091 0.213598
1 0.41622 0.208499 0.412198 0.212465 0.403485 0.204533 0.407507 0.201133
1 0.372654 0.189802 0.378686 0.185269 0.386059 0.194334 0.379357 0.197734
1 0.442359 0.188102 0.438338 0.192635 0.428284 0.184703 0.432976 0.180737
1 0.38807 0.090085 0.393432 0.0855524 0.402145 0.0957507 0.396783 0.0991501
1 0.408177 0.160907 0.414209 0.157507 0.422252 0.165439 0.41756 0.168839
1 0.451743 0.179037 0.44504 0.18187 0.436997 0.171105 0.44437 0.168272
1 0.463137 0.172805 0.457105 0.177337 0.447051 0.167705 0.453753 0.163173
1 0.47252 0.163739 0.467828 0.167139 0.459786 0.16034 0.464477 0.156374
1 0.442359 0.147309 0.437668 0.151275 0.430295 0.143909 0.434987 0.139943
1 0.440349 0.134844 0.44504 0.130878 0.453753 0.13881 0.448391 0.14221
1 0.512735 0.130312 0.508043 0.134278 0.49866 0.124646 0.503351 0.121246
1 0.479223 0.103683 0.483914 0.0991501 0.492627 0.106516 0.488606 0.111048
