1 0.0475 0.00415879 0.0497917 0.00453686 0.0495833 0.0113422 0.048125 0.010586
0 0.00791667 0.382231 0.0104167 0.382231 0.010625 0.393573 0.00770833 0.393195
1 0.0652083 0.45293 0.0677083 0.455198 0.065625 0.46276 0.063125 0.460491
1 0.063125 0.45293 0.0647917 0.454442 0.063125 0.46087 0.0610417 0.458223
1 0.0697917 0.468053 0.0670833 0.465406 0.0691667 0.458601 0.0710417 0.46087
1 0.071875 0.469187 0.0697917 0.467297 0.07125 0.459735 0.0733333 0.461626
1 0.0591667 0.457467 0.0572917 0.455198 0.0589583 0.449527 0.060625 0.45104
0 0.0566667 0.457467 0.0539583 0.455198 0.0566667 0.446125 0.059375 0.448393
1 0.0245833 0.422306 0.0245833 0.425709 0.0204167 0.425709 0.0202083 0.422306
1 0.0202083 0.380718 0.0225 0.379962 0.0229167 0.389036 0.0210417 0.389036
0 0.216458 0.687335 0.219375 0.688847 0.217917 0.699055 0.215 0.697543
0 0.215 0.640454 0.214583 0.644234 0.208333 0.64121 0.208958 0.636673
