0 0.72556 0.730408 0.725738 0.728168 0.728759 0.731303 0.728226 0.73399
0 0.623889 0.725929 0.622823 0.723242 0.627089 0.715629 0.6278 0.718764
0 0.71294 0.714734 0.713651 0.716525 0.710807 0.722794 0.710096 0.720555
0 0.713473 0.717421 0.714006 0.719212 0.711518 0.725034 0.710985 0.723242
0 0.714362 0.719212 0.714717 0.721003 0.712051 0.726825 0.711518 0.725034
0 0.714717 0.721451 0.715428 0.723242 0.712584 0.728616 0.712229 0.726825
0 0.715606 0.72369 0.715962 0.725034 0.713295 0.730408 0.712584 0.728616
0 0.715962 0.725481 0.716495 0.727721 0.713829 0.732647 0.713295 0.730408
0 0.717384 0.729512 0.717917 0.731751 0.715251 0.737125 0.714717 0.734886
0 0.718095 0.732199 0.71845 0.734438 0.715784 0.739364 0.715251 0.737573
0 0.718628 0.734438 0.719161 0.736677 0.716495 0.741603 0.715962 0.739364
0 0.719161 0.736677 0.719872 0.738916 0.717028 0.743842 0.716495 0.741603
0 0.72556 0.726825 0.725027 0.729512 0.721649 0.725034 0.722183 0.722347
0 0.721116 0.749216 0.722005 0.75056 0.721294 0.755934 0.720228 0.75459
0 0.722894 0.75056 0.72396 0.751455 0.723249 0.758173 0.722183 0.756829
0 0.724138 0.751903 0.725027 0.752799 0.724138 0.759069 0.723071 0.757725
0 0.628866 0.721003 0.629399 0.722347 0.627266 0.727273 0.626733 0.724586
0 0.724849 0.753247 0.725738 0.753695 0.725027 0.759964 0.72396 0.759069
0 0.725915 0.753247 0.726804 0.754142 0.726271 0.760412 0.725204 0.759516
0 0.726982 0.753695 0.728048 0.754142 0.72716 0.76086 0.726271 0.759964
0 0.727871 0.754142 0.728759 0.75459 0.728226 0.761755 0.72716 0.761308
0 0.728759 0.755038 0.729826 0.755486 0.729293 0.761755 0.728226 0.76086
0 0.730715 0.756382 0.731603 0.756829 0.731248 0.762651 0.730181 0.762203
0 0.731781 0.756829 0.732492 0.756829 0.732314 0.763547 0.731426 0.763099
