1 0.49076 0.733902 0.50308 0.733902 0.50924 0.743371 0.498973 0.744318
1 0.36345 0.511364 0.379877 0.510417 0.386037 0.520833 0.371663 0.520833
1 0.371663 0.504735 0.38809 0.502841 0.396304 0.514205 0.38193 0.514205
0 0.36961 0.463068 0.386037 0.461174 0.392197 0.479167 0.379877 0.479167
0 0.332649 0.401515 0.349076 0.399621 0.35729 0.419508 0.340862 0.418561
1 0.221766 0.314394 0.203285 0.314394 0.199179 0.302083 0.213552 0.300189
1 0.0616016 0.0246212 0.0759754 0.0236742 0.0841889 0.0359848 0.0718686 0.0369318
1 0.137577 0.00757576 0.156057 0.00662879 0.164271 0.0189394 0.145791 0.0217803
1 0.180698 0.0681818 0.188912 0.0653409 0.199179 0.0785985 0.184805 0.0804924
0 0.197125 0.0785985 0.213552 0.0748106 0.225873 0.0956439 0.207392 0.0965909
0 0.412731 0.557765 0.427105 0.555871 0.445585 0.59375 0.433265 0.594697
0 0.299795 0.330492 0.314168 0.328598 0.326489 0.357955 0.312115 0.360795
0 0.223819 0.161932 0.23614 0.160038 0.258727 0.200758 0.246407 0.201705
