0 0.524016 0.702781 0.521849 0.70336 0.518599 0.680185 0.520404 0.679606
0 0.175153 0.19467 0.173709 0.198146 0.163597 0.181924 0.165403 0.178447
0 0.0823402 0.0289687 0.0805345 0.0312862 0.0762008 0.0225956 0.0772842 0.0196987
0 0.890935 0.941483 0.889491 0.943801 0.875767 0.931054 0.877934 0.926999
0 0.792344 0.683662 0.795233 0.682503 0.798844 0.702781 0.795955 0.70394
0 0.569881 0.552723 0.570964 0.550406 0.581076 0.561414 0.579993 0.563731
0 0.593716 0.75029 0.592633 0.752607 0.580354 0.74102 0.581437 0.737543
0 0.56952 0.74971 0.568797 0.752028 0.56013 0.747393 0.560852 0.743917
0 0.553629 0.727694 0.55074 0.728273 0.547129 0.707416 0.549296 0.705098
0 0.565908 0.690035 0.566631 0.693511 0.552546 0.699884 0.552185 0.696408
0 0.55074 0.677289 0.551101 0.680185 0.539545 0.683082 0.538823 0.680185
0 0.528711 0.655272 0.529072 0.658169 0.517154 0.662804 0.516793 0.658749
0 0.508487 0.68482 0.50632 0.6854 0.504514 0.673812 0.506681 0.673233
0 0.541712 0.708575 0.538462 0.709733 0.533767 0.690035 0.536295 0.687717
0 0.548573 0.721321 0.546407 0.7219 0.54424 0.706837 0.546046 0.705098
0 0.751896 0.692932 0.751174 0.689455 0.766342 0.683082 0.767064 0.687138
0 0.810401 0.701622 0.812568 0.701043 0.81654 0.723638 0.813651 0.724797
0 0.791983 0.739861 0.791622 0.737543 0.801011 0.732908 0.801372 0.735805
0 0.29433 0.205098 0.295414 0.202202 0.307331 0.219003 0.305164 0.22248
