1 0.671713 0.0917647 0.678884 0.0823529 0.691633 0.105882 0.682072 0.115294
1 0.743426 0.0682353 0.752988 0.0694118 0.752191 0.0929412 0.745817 0.0941176
0 0.301992 0.238824 0.304382 0.245882 0.279681 0.267059 0.275697 0.255294
0 0.405578 0.7 0.40239 0.688235 0.43506 0.670588 0.43745 0.683529
1 0.758566 0.150588 0.748207 0.150588 0.745817 0.124706 0.755378 0.124706
1 0.760956 0.0658824 0.769721 0.0670588 0.768924 0.0917647 0.760159 0.0894118
1 0.744223 0.0529412 0.74502 0.0658824 0.728287 0.0623529 0.72749 0.0505882
1 0.812749 0.149412 0.805578 0.149412 0.803984 0.124706 0.811952 0.124706
1 0.745817 0.04 0.74502 0.0529412 0.72749 0.0505882 0.728287 0.0388235
1 0.744223 0.0258824 0.743426 0.04 0.724303 0.04 0.726693 0.0270588
1 0.786454 0.0517647 0.784861 0.0423529 0.80239 0.04 0.803984 0.0505882
1 0.784861 0.04 0.783267 0.0305882 0.799203 0.0258824 0.8 0.0376471
1 0.784064 0.0329412 0.78008 0.0188235 0.798406 0.0152941 0.800797 0.0223529
1 0.823904 0.0576471 0.822311 0.0435294 0.839841 0.0411765 0.842231 0.0529412
1 0.588048 0.04 0.58247 0.0258824 0.6 0.0152941 0.605578 0.0270588
1 0.822311 0.04 0.822311 0.0305882 0.83745 0.0294118 0.838247 0.0411765
1 0.777689 0.0682353 0.784064 0.0682353 0.787251 0.0882353 0.779283 0.0894118
1 0.773705 0.149412 0.765737 0.150588 0.76494 0.125882 0.772112 0.125882
1 0.783267 0.149412 0.772908 0.149412 0.771315 0.123529 0.78008 0.123529
1 0.821514 0.151765 0.812749 0.151765 0.811952 0.127059 0.81992 0.125882
1 0.831076 0.150588 0.818327 0.150588 0.819124 0.123529 0.829482 0.125882
0 0.351394 0.212941 0.354582 0.222353 0.321912 0.242353 0.317928 0.229412
