0 0.230433 0.346956 0.23324 0.349211 0.214843 0.36584 0.211724 0.363021
0 0.252572 0.279594 0.249143 0.27593 0.265669 0.261556 0.268787 0.264374
0 0.362021 0.181511 0.359214 0.178692 0.376052 0.163754 0.378859 0.166573
0 0.565326 0.0388952 0.567197 0.0405862 0.549111 0.0572153 0.546305 0.0546787
0 0.503586 0.0546787 0.499844 0.0521421 0.517618 0.0352311 0.521048 0.0374859
0 0.0280636 0.88726 0.0299345 0.889515 0.0208918 0.897971 0.0180854 0.895716
0 0.0318054 0.890643 0.0336763 0.892616 0.0255691 0.899662 0.0227627 0.897689
0 0.0236982 0.883596 0.0255691 0.885569 0.0187091 0.891206 0.0165263 0.889515
0 0.930776 0.879369 0.936077 0.880214 0.930776 0.897407 0.926723 0.895434
0 0.560649 0.278467 0.562519 0.28044 0.554412 0.287486 0.552229 0.285231
0 0.56439 0.282131 0.567197 0.284386 0.559401 0.292277 0.556595 0.290023
0 0.549111 0.29115 0.551294 0.292841 0.544434 0.300169 0.541628 0.298196
0 0.55753 0.298478 0.559713 0.300451 0.553789 0.306652 0.551606 0.304679
0 0.593389 0.0760992 0.590271 0.0735626 0.599002 0.065389 0.601809 0.0679256
