1 0.247606 0.809368 0.261286 0.809368 0.25855 0.820261 0.247606 0.819717
1 0.273598 0.808824 0.288646 0.808279 0.287278 0.818627 0.274966 0.818627
1 0.383037 0.793028 0.373461 0.796841 0.357045 0.791939 0.361149 0.788126
1 0.351573 0.79902 0.341997 0.802288 0.325581 0.795752 0.335157 0.792484
1 0.337893 0.801743 0.326949 0.805011 0.307798 0.796296 0.318741 0.793573
1 0.316005 0.768519 0.329685 0.768519 0.328317 0.779956 0.314637 0.778867
1 0.302326 0.767974 0.316005 0.767974 0.316005 0.777778 0.303694 0.777233
1 0.28591 0.767429 0.29959 0.767429 0.300958 0.777778 0.288646 0.777233
1 0.270862 0.767429 0.28591 0.767429 0.28591 0.777778 0.269494 0.777778
1 0.359781 0.810458 0.376197 0.811002 0.376197 0.820261 0.359781 0.820261
1 0.331053 0.810458 0.348837 0.810458 0.348837 0.821351 0.332421 0.821895
