1 0.0470494 0.85168 0.0502392 0.863268 0.0358852 0.872538 0.0311005 0.864426
1 0.0350877 0.829664 0.0406699 0.84241 0.0271132 0.850521 0.023126 0.837775
1 0.152313 0.662804 0.148325 0.652375 0.162679 0.643105 0.165869 0.654693
1 0.0940989 0.878331 0.0980861 0.891078 0.0821372 0.900348 0.0773525 0.88876
1 0.0885167 0.855156 0.092504 0.866744 0.0789474 0.874855 0.0733652 0.864426
1 0.107656 0.857474 0.110845 0.87022 0.0972887 0.878331 0.0940989 0.865585
1 0.105263 0.847045 0.107656 0.856315 0.0956938 0.864426 0.0909091 0.853998
0 0.247209 0.89803 0.23764 0.900348 0.232057 0.87949 0.240829 0.872538
1 0.148325 0.847045 0.15311 0.86095 0.136364 0.871379 0.131579 0.858633
1 0.102871 0.822711 0.103668 0.831981 0.0869219 0.843569 0.0813397 0.830823
1 0.0287081 0.79606 0.0318979 0.806489 0.0167464 0.816918 0.0135566 0.803013
0 0.0733652 0.752028 0.0757576 0.767092 0.0550239 0.778679 0.0502392 0.765933
1 0.11244 0.716107 0.11563 0.726535 0.101276 0.734647 0.0980861 0.725377
1 0.171451 0.681344 0.173844 0.692932 0.161085 0.701043 0.157097 0.691773
1 0.164274 0.65701 0.166667 0.668598 0.155502 0.677868 0.150718 0.66628
1 0.116427 0.639629 0.127592 0.633835 0.132376 0.655852 0.122807 0.661645
0 0.274322 0.261877 0.26236 0.26883 0.252791 0.238702 0.26236 0.232908
1 0.110048 0.644264 0.114833 0.639629 0.122807 0.659328 0.11244 0.663963
1 0.101276 0.64774 0.108453 0.643105 0.114035 0.665122 0.106858 0.668598
1 0.0885167 0.65701 0.0948963 0.651217 0.104466 0.674392 0.0972887 0.680185
1 0.0805423 0.665122 0.0869219 0.658169 0.0933014 0.679027 0.0845295 0.68482
1 0.062201 0.670915 0.0701754 0.667439 0.0733652 0.68482 0.0669856 0.688297
1 0.0542265 0.67555 0.0606061 0.669757 0.0661882 0.691773 0.0606061 0.696408
1 0.0518341 0.662804 0.0526316 0.673233 0.0398724 0.680185 0.0366826 0.670915
1 0.0486443 0.64774 0.0510367 0.659328 0.0350877 0.667439 0.0318979 0.65701
1 0.0326954 0.600232 0.0350877 0.61066 0.0239234 0.617613 0.0207337 0.606025
1 0.030303 0.587486 0.0350877 0.599073 0.0223285 0.606025 0.0183413 0.596756
1 0.0271132 0.574739 0.0295056 0.585168 0.0167464 0.592121 0.0151515 0.580533
0 0.253589 0.273465 0.245614 0.279258 0.235247 0.244496 0.243222 0.242178
