1 0.20179 0.65315 0.20179 0.645185 0.219691 0.645909 0.218063 0.65315
1 0.150529 0.79218 0.158666 0.7958 0.153784 0.807386 0.145647 0.805214
1 0.157852 0.794352 0.166802 0.797248 0.161107 0.811731 0.15297 0.80811
0 0.185517 0.856626 0.175753 0.853005 0.183076 0.839971 0.191212 0.842867
1 0.165989 0.798697 0.173312 0.803041 0.169243 0.813903 0.16192 0.810282
1 0.174939 0.802317 0.183076 0.805938 0.17738 0.815351 0.170871 0.813903
1 0.181448 0.803765 0.190399 0.807386 0.183889 0.82042 0.175753 0.816799
1 0.10415 0.771904 0.1131 0.776249 0.105777 0.790007 0.0976404 0.787835
1 0.12856 0.821144 0.136697 0.824765 0.131814 0.83635 0.123678 0.833454
1 0.135069 0.822592 0.14402 0.826213 0.139138 0.839247 0.132628 0.83635
1 0.159479 0.832006 0.169243 0.835626 0.16192 0.84866 0.154597 0.84504
