1 0.328052 0.00273349 0.329916 0.00728929 0.314073 0.0104784 0.310345 0.00683371
1 0.465983 0.343964 0.472507 0.346241 0.463187 0.353531 0.4548 0.351253
1 0.465051 0.0947608 0.470643 0.0915718 0.484623 0.0974943 0.479963 0.100683
1 0.470643 0.0906606 0.476235 0.0870159 0.491146 0.0929385 0.484623 0.0965831
1 0.496738 0.366287 0.503262 0.369021 0.49301 0.375399 0.486486 0.373121
1 0.144455 0.0350797 0.139795 0.0318907 0.154706 0.028246 0.158434 0.0314351
1 0.428705 0.299772 0.435228 0.30205 0.424045 0.308884 0.417521 0.306606
1 0.319664 0.303417 0.324324 0.300228 0.338304 0.305695 0.332712 0.308428
1 0.330848 0.296583 0.334576 0.29385 0.34576 0.297494 0.342032 0.300683
1 0.342032 0.289294 0.346692 0.28656 0.359739 0.291116 0.355079 0.294305
1 0.377446 0.281093 0.384902 0.283827 0.373719 0.289749 0.367195 0.287472
1 0.384902 0.284738 0.389562 0.287016 0.381174 0.292483 0.374651 0.289749
1 0.262815 0.338041 0.266542 0.334396 0.27959 0.339863 0.275862 0.342597
1 0.278658 0.328018 0.283318 0.325285 0.294501 0.328929 0.290774 0.332118
1 0.0596459 0.0596811 0.055918 0.056492 0.0680336 0.0519362 0.0726934 0.0546697
1 0.103448 0.0455581 0.100652 0.0428246 0.115564 0.0387244 0.119292 0.0419134
1 0.123952 0.0400911 0.121156 0.0364465 0.134203 0.0332574 0.136999 0.0364465
