1 0.116494 0.32985 0.118341 0.32913 0.119761 0.333994 0.118199 0.334354
1 0.113368 0.31706 0.115357 0.316339 0.116494 0.321203 0.114647 0.321744
1 0.103282 0.321203 0.105555 0.320303 0.106975 0.325167 0.104702 0.326067
1 0.130416 0.314718 0.132547 0.313637 0.133542 0.318321 0.131837 0.318681
1 0.107828 0.324446 0.109675 0.323365 0.111237 0.328049 0.108964 0.328409
1 0.103282 0.326428 0.104987 0.325527 0.106407 0.32985 0.104276 0.330571
1 0.121324 0.327869 0.123029 0.327148 0.124307 0.331472 0.122603 0.331832
1 0.11621 0.335255 0.117914 0.334354 0.119051 0.338678 0.117204 0.339038
1 0.100725 0.337237 0.102571 0.336336 0.103282 0.340299 0.101861 0.34102
1 0.108964 0.333453 0.110669 0.332553 0.111806 0.337417 0.109959 0.337597
1 0.119619 0.333634 0.12175 0.332733 0.122745 0.337777 0.120756 0.337957
1 0.111237 0.376689 0.112658 0.376329 0.113653 0.380832 0.111522 0.380832
1 0.112942 0.808683 0.110243 0.809224 0.10868 0.80436 0.111522 0.802558
1 0.0737321 0.197262 0.0720273 0.196541 0.0730217 0.192037 0.0751527 0.192938
0 0.100298 0.404251 0.097315 0.404251 0.0956102 0.392722 0.0987356 0.391461
0 0.111806 0.598631 0.113653 0.59755 0.118057 0.611602 0.115357 0.612502
1 0.118483 0.32985 0.119903 0.32895 0.121324 0.332553 0.119335 0.333453
1 0.118909 0.319222 0.121182 0.318861 0.122603 0.323545 0.120472 0.323725
0 0.0356585 0.651955 0.0333854 0.652675 0.0296917 0.640245 0.0321068 0.638624
1 0.126154 0.325887 0.127859 0.325167 0.12928 0.330571 0.127433 0.331292
1 0.115073 0.345163 0.117204 0.344442 0.118341 0.348406 0.11621 0.349306
1 0.124734 0.340839 0.126723 0.339939 0.127717 0.344803 0.126012 0.344983
1 0.106833 0.339759 0.108822 0.338678 0.109817 0.343001 0.107828 0.343542
1 0.117914 0.315619 0.120188 0.314358 0.121324 0.318681 0.119051 0.319402
1 0.133968 0.307872 0.135957 0.307152 0.137093 0.311475 0.134962 0.312016
1 0.100156 0.307692 0.102145 0.307152 0.103282 0.312376 0.101151 0.312556
1 0.112658 0.322464 0.114505 0.321384 0.115926 0.326428 0.113937 0.326788
1 0.125586 0.31652 0.127575 0.315979 0.128569 0.320663 0.126438 0.321023
1 0.106407 0.324806 0.108254 0.324086 0.109106 0.32895 0.107544 0.32949
1 0.112658 0.312736 0.110527 0.313277 0.109106 0.308953 0.111522 0.307872
1 0.107544 0.315259 0.105697 0.315979 0.104276 0.311836 0.106407 0.310395
1 0.104987 0.311475 0.103282 0.311836 0.102003 0.307332 0.104134 0.306251
1 0.108254 0.309854 0.106265 0.310034 0.104844 0.305711 0.106833 0.30445
1 0.145333 0.331832 0.14718 0.330931 0.148601 0.335975 0.146754 0.336696
1 0.113226 0.331472 0.115499 0.330571 0.116352 0.335075 0.114363 0.335615
1 0.114931 0.335975 0.113084 0.337056 0.111664 0.332012 0.11351 0.331292
1 0.105839 0.335435 0.107544 0.334895 0.10868 0.338678 0.106833 0.339398
1 0.12928 0.310755 0.131411 0.310034 0.132547 0.314178 0.130274 0.314538
1 0.134536 0.322645 0.136099 0.321924 0.137235 0.326067 0.135389 0.326067
1 0.128569 0.315078 0.130416 0.314358 0.131411 0.319222 0.129848 0.319582
1 0.101293 0.312556 0.103566 0.311656 0.104702 0.316159 0.102571 0.31688
1 0.108538 0.319222 0.110385 0.318321 0.111379 0.323185 0.109675 0.323545
0 0.108254 0.59755 0.110385 0.596649 0.114363 0.608359 0.111379 0.608899
1 0.139651 0.918573 0.141639 0.917853 0.142634 0.922897 0.140361 0.923437
1 0.104844 0.380112 0.106549 0.379751 0.107544 0.384615 0.106123 0.385516
1 0.218923 0.834805 0.219776 0.837507 0.21594 0.839488 0.215087 0.836786
1 0.218497 0.831922 0.222475 0.830121 0.223327 0.832282 0.219207 0.834444
1 0.218213 0.82958 0.221764 0.827959 0.222617 0.830661 0.218639 0.831742
1 0.217929 0.82976 0.217502 0.827599 0.221054 0.825977 0.222049 0.828499
1 0.216792 0.825797 0.220202 0.823996 0.221054 0.826157 0.21736 0.827959
1 0.219349 0.819672 0.22006 0.821654 0.216082 0.823275 0.215372 0.821113
1 0.218923 0.817691 0.219776 0.819852 0.21594 0.821293 0.215087 0.819132
1 0.214519 0.81679 0.218497 0.815709 0.219491 0.818051 0.215372 0.819312
1 0.213951 0.814808 0.218071 0.812827 0.218923 0.815529 0.214661 0.81715
1 0.212956 0.812827 0.217218 0.811025 0.217787 0.813187 0.213667 0.814988
1 0.2256 0.821474 0.228868 0.820213 0.229578 0.822194 0.226026 0.823816
1 0.22489 0.819852 0.22901 0.81751 0.229578 0.820213 0.225742 0.821654
1 0.22418 0.817871 0.227873 0.816069 0.228868 0.818411 0.225032 0.820213
1 0.223753 0.815709 0.227731 0.813727 0.228442 0.816249 0.224322 0.818051
1 0.223043 0.813367 0.226737 0.811565 0.227305 0.813727 0.223895 0.816069
1 0.222759 0.811205 0.226168 0.809764 0.227021 0.811926 0.223185 0.813187
1 0.222049 0.809224 0.225884 0.807242 0.226595 0.809944 0.222617 0.811565
1 0.22148 0.806701 0.225316 0.80526 0.226168 0.807963 0.222049 0.809584
1 0.20358 0.812106 0.204432 0.814088 0.201307 0.816069 0.20017 0.814088
1 0.202728 0.807782 0.203438 0.810304 0.200028 0.811926 0.199034 0.809224
1 0.205569 0.801297 0.206279 0.803999 0.202159 0.805801 0.201307 0.803279
1 0.204148 0.797514 0.205143 0.799496 0.201591 0.801297 0.200597 0.798955
1 0.201875 0.802558 0.202586 0.80526 0.199318 0.806882 0.198324 0.80472
1 0.200739 0.798235 0.201591 0.800576 0.198892 0.802918 0.197471 0.801117
1 0.219491 0.834624 0.223327 0.832823 0.223753 0.835705 0.219918 0.837507
1 0.216508 0.852279 0.215656 0.850297 0.219349 0.848496 0.22006 0.850838
1 0.14647 0.916051 0.148459 0.915331 0.149879 0.920375 0.147606 0.921095
0 0.209973 0.723293 0.223753 0.717709 0.22489 0.721131 0.210683 0.726896
1 0.162523 0.994235 0.160392 0.994776 0.158829 0.989551 0.161102 0.988471
1 0.158119 0.989011 0.15613 0.989371 0.154425 0.985768 0.156698 0.984507
1 0.123455 0.848856 0.121608 0.849397 0.120045 0.844172 0.122034 0.843812
1 0.0968888 0.876959 0.0950419 0.877319 0.0936213 0.872455 0.0954681 0.871555
1 0.088649 0.843091 0.0862338 0.843992 0.0841029 0.838407 0.08666 0.836786
1 0.0733059 0.788146 0.0707487 0.789047 0.0690439 0.782562 0.0716011 0.781481
1 0.0316806 0.522609 0.0299758 0.523689 0.0284131 0.518825 0.0305441 0.517384
1 0.032391 0.513601 0.030402 0.514322 0.0291235 0.508917 0.0309703 0.507836
1 0.028129 0.509638 0.0264242 0.510178 0.0254297 0.505855 0.0277028 0.504954
1 0.0221622 0.470726 0.0196051 0.471627 0.0186106 0.466042 0.0210257 0.464601
1 0.0163375 0.459917 0.0142066 0.460818 0.0132121 0.455053 0.0149169 0.453792
1 0.0164796 0.444965 0.0140645 0.445866 0.0132121 0.440821 0.0159114 0.43938
1 0.00781361 0.395785 0.00539849 0.396325 0.00483023 0.391461 0.00696122 0.39038
1 0.129564 0.324446 0.131269 0.323725 0.132831 0.328589 0.130558 0.32895
1 0.097457 0.352549 0.0993039 0.351648 0.100582 0.357053 0.0984515 0.357593
1 0.102713 0.350567 0.10456 0.350027 0.105413 0.354711 0.103566 0.355612
1 0.105555 0.348586 0.10726 0.347685 0.108822 0.35309 0.106549 0.35363
0 0.22489 0.691227 0.227305 0.690326 0.229436 0.705098 0.227021 0.705458
0 0.226453 0.722392 0.232561 0.71951 0.233556 0.722933 0.227021 0.725815
0 0.201875 0.727256 0.209689 0.724014 0.210399 0.727076 0.20287 0.730679
1 0.12033 0.343181 0.122034 0.342461 0.123455 0.346965 0.121324 0.347685
1 0.10314 0.380832 0.104987 0.380292 0.105981 0.385876 0.103992 0.386057
1 0.102145 0.388939 0.104276 0.388218 0.105129 0.393262 0.102713 0.393623
1 0.0196051 0.0387318 0.0213098 0.0389119 0.0208836 0.0441362 0.0188947 0.0441362
1 0.0119335 0.0324266 0.0136383 0.0322464 0.0127859 0.0369303 0.0112232 0.0367501
1 0.0110811 0.0453972 0.00923427 0.0446766 0.00994459 0.0403531 0.0125018 0.0407134
1 0.0102287 0.0520627 0.00795568 0.0517024 0.00823981 0.0479193 0.0106549 0.0477391
0 0.00568263 0.0760223 0.00269925 0.0751216 0.00625089 0.0576473 0.00880807 0.0580076
1 0.00369371 0.0884525 0.00170479 0.0880922 0.00213098 0.0823275 0.00426197 0.0823275
1 0.00625089 0.0868312 0.0041199 0.0864709 0.00483023 0.0823275 0.00681915 0.0823275
0 0.00539849 0.330391 0.00781361 0.32967 0.00966046 0.343001 0.00710328 0.343722
0 0.0133542 0.443704 0.010797 0.444064 0.00852394 0.432174 0.0110811 0.431093
0 0.0235829 0.489101 0.0210257 0.490362 0.0174741 0.47505 0.0203154 0.474149
0 0.12033 0.968114 0.11763 0.969015 0.114505 0.954242 0.117346 0.952981
0 0.106265 0.908485 0.103566 0.909386 0.101293 0.901459 0.103992 0.899478
0 0.135957 0.904161 0.132831 0.904882 0.128996 0.891191 0.131837 0.88975
0 0.136667 0.896235 0.133826 0.896775 0.129848 0.883444 0.132831 0.882183
0 0.123455 0.860025 0.120614 0.860386 0.11692 0.847415 0.119761 0.845613
0 0.111379 0.814268 0.108822 0.815168 0.104987 0.801657 0.107544 0.799856
0 0.0794147 0.696992 0.0769996 0.697892 0.0710328 0.676455 0.0737321 0.675374
0 0.0795568 0.664385 0.0826822 0.663124 0.0869442 0.678616 0.084387 0.678977
0 0.0680494 0.655558 0.0656343 0.656458 0.0600938 0.636642 0.0625089 0.635381
0 0.0600938 0.625833 0.0573945 0.626374 0.0549794 0.616826 0.0576786 0.615925
0 0.0517119 0.595208 0.0491547 0.596109 0.0451769 0.582237 0.0487285 0.580976
0 0.0602358 0.591605 0.062793 0.590164 0.0660605 0.603135 0.0636454 0.603855
0 0.04333 0.564763 0.0407728 0.566024 0.0377895 0.555035 0.0404887 0.553594
0 0.0461713 0.539723 0.0485864 0.538642 0.0531325 0.554134 0.0504333 0.555215
1 0.0154852 0.0273825 0.0177582 0.0273825 0.0164796 0.0322464 0.0147748 0.0315259
0 0.00653502 0.131328 0.0090922 0.131328 0.00809774 0.14574 0.00525643 0.145559
0 0.0188947 0.0515222 0.0218781 0.0515222 0.0183265 0.0718789 0.0153431 0.0713385
0 0.0248615 0.0241398 0.0278449 0.0246802 0.0254297 0.035309 0.0230146 0.0345884
1 0.19946 0.790668 0.202586 0.789227 0.203154 0.791389 0.199886 0.79301
1 0.185964 0.777878 0.183833 0.778418 0.182412 0.772654 0.185112 0.772113
1 0.183975 0.769591 0.18156 0.770312 0.180281 0.765087 0.182696 0.764187
1 0.530189 0.984327 0.532036 0.983066 0.533456 0.988471 0.53161 0.989191
1 0.527916 0.985408 0.530189 0.984507 0.531183 0.989011 0.529337 0.989551
1 0.666714 0.923798 0.666146 0.921996 0.669697 0.920735 0.670124 0.922897
1 0.67126 0.922717 0.670266 0.920195 0.673959 0.918753 0.67467 0.921095
1 0.675096 0.921095 0.674244 0.918573 0.677369 0.917492 0.677653 0.919654
1 0.678932 0.918934 0.678221 0.916411 0.682341 0.91479 0.68291 0.917312
1 0.688024 0.91497 0.689729 0.91461 0.691149 0.919114 0.689018 0.919294
1 0.683478 0.91479 0.687314 0.913349 0.688024 0.915691 0.68433 0.917492
1 0.68916 0.907764 0.692144 0.905783 0.692996 0.908305 0.689871 0.909746
1 0.674386 0.912628 0.677227 0.911547 0.678079 0.913349 0.674528 0.91497
1 0.677653 0.911547 0.680921 0.910827 0.681489 0.912628 0.678221 0.91407
1 0.681205 0.910286 0.683904 0.908845 0.684614 0.911007 0.682199 0.912268
1 0.690013 0.91443 0.692002 0.913169 0.693422 0.918033 0.691433 0.918393
1 0.694701 0.905242 0.695553 0.907945 0.692854 0.908845 0.692286 0.906503
1 0.694843 0.904702 0.697684 0.903621 0.698111 0.905963 0.695127 0.907224
1 0.693564 0.912989 0.695127 0.912268 0.696548 0.917492 0.694985 0.917853
1 0.698111 0.916411 0.696832 0.917312 0.695269 0.912268 0.696832 0.911728
1 0.699957 0.915511 0.698111 0.916411 0.69669 0.911367 0.698253 0.910647
1 0.631198 0.4147 0.634181 0.413979 0.634749 0.416141 0.63134 0.416862
1 0.187243 0.782922 0.185396 0.783462 0.184259 0.778959 0.186248 0.778238
1 0.0112232 0.0484597 0.01307 0.04882 0.0123597 0.0531436 0.0106549 0.0526031
1 0.0095184 0.0576473 0.0110811 0.0576473 0.0105129 0.0625113 0.00880807 0.0623311
1 0.0147748 0.0605296 0.0166217 0.0607098 0.0164796 0.0653936 0.0146328 0.0650333
1 0.00184685 0.151684 0.00397784 0.151865 0.00397784 0.157089 0.00184685 0.157449
1 0.0134962 0.430913 0.0112232 0.431274 0.0106549 0.426049 0.0126438 0.425509
1 0.00937633 0.421906 0.00681915 0.422807 0.00610882 0.418123 0.00795568 0.417582
1 0.0538429 0.592686 0.051996 0.593947 0.0504333 0.588182 0.0524222 0.586741
1 0.112232 0.622771 0.110527 0.623671 0.10868 0.618267 0.110527 0.616826
1 0.662878 0.14574 0.664867 0.144839 0.666288 0.150603 0.664157 0.150964
1 0.659611 0.136192 0.661173 0.135291 0.662594 0.140155 0.660747 0.140515
1 0.660747 0.140335 0.662594 0.139795 0.663731 0.144298 0.661742 0.144659
1 0.666998 0.157629 0.66572 0.15817 0.664157 0.154026 0.665577 0.153126
1 0.11763 0.828319 0.115926 0.82922 0.114789 0.824896 0.116778 0.823635
1 0.128996 0.882183 0.127149 0.882724 0.125586 0.877319 0.127433 0.876599
1 0.127859 0.86561 0.126012 0.866511 0.124876 0.862187 0.12658 0.861286
1 0.130132 0.846694 0.131411 0.845974 0.132405 0.850658 0.130842 0.851378
1 0.630629 0.413079 0.633471 0.411818 0.634039 0.413799 0.631056 0.41524
1 0.629351 0.408575 0.63276 0.408035 0.632902 0.409656 0.629919 0.410196
1 0.628782 0.406593 0.632334 0.405513 0.632476 0.407854 0.629351 0.408755
1 0.169484 0.716087 0.167069 0.717168 0.165506 0.711403 0.16778 0.709962
1 0.175735 0.71969 0.179713 0.717709 0.180423 0.72005 0.175877 0.721492
1 0.175735 0.720231 0.175167 0.717528 0.179003 0.715727 0.179855 0.718069
1 0.174883 0.715186 0.178861 0.713385 0.179713 0.716267 0.175593 0.717528
1 0.174883 0.715547 0.174315 0.713025 0.178434 0.711403 0.179145 0.713745
1 0.173746 0.709061 0.177156 0.7078 0.177866 0.709962 0.174315 0.711403
1 0.172752 0.705098 0.175593 0.703657 0.176161 0.705458 0.173036 0.70726
1 0.175167 0.701315 0.175735 0.703657 0.172468 0.705098 0.172326 0.702756
1 0.17403 0.696992 0.174883 0.699333 0.171615 0.701315 0.170621 0.698973
1 0.170905 0.699153 0.16991 0.696811 0.17403 0.69519 0.174741 0.697532
1 0.169484 0.69465 0.172752 0.693208 0.173462 0.69555 0.170337 0.696992
1 0.168348 0.690686 0.171899 0.689065 0.172468 0.691227 0.168774 0.692848
1 0.167353 0.688344 0.171473 0.687264 0.172041 0.689425 0.168206 0.690686
1 0.170905 0.685102 0.171899 0.687083 0.167495 0.688885 0.166927 0.686903
1 0.166359 0.682219 0.170195 0.680958 0.170905 0.6833 0.166501 0.684922
1 0.165791 0.680238 0.170195 0.678436 0.170905 0.681319 0.166359 0.68258
1 0.165933 0.680778 0.165222 0.677896 0.169484 0.676455 0.170053 0.678797
1 0.178719 0.615024 0.180707 0.613943 0.181986 0.618988 0.179855 0.619888
1 0.17815 0.620429 0.176588 0.621149 0.175309 0.616646 0.177156 0.615565
1 0.17403 0.617366 0.175735 0.616285 0.176872 0.620969 0.175025 0.62151
1 0.172041 0.618447 0.173888 0.617546 0.175167 0.62187 0.172894 0.622771
1 0.163802 0.607638 0.165933 0.606557 0.167495 0.612682 0.165364 0.613403
1 0.168632 0.605657 0.170905 0.604756 0.172041 0.6098 0.169768 0.610521
1 0.160676 0.687264 0.162523 0.686183 0.163518 0.691587 0.161671 0.692128
1 0.177014 0.726536 0.176019 0.724194 0.180707 0.721311 0.181418 0.724374
1 0.628498 0.404792 0.63205 0.403531 0.632192 0.405693 0.628925 0.406954
1 0.172752 0.734102 0.174599 0.733021 0.176303 0.737525 0.174315 0.738606
1 0.181134 0.760043 0.179003 0.761304 0.177156 0.75572 0.179571 0.753918
1 0.196193 0.78058 0.196903 0.782742 0.193351 0.784904 0.192357 0.782562
1 0.194914 0.778598 0.195909 0.781301 0.192783 0.782922 0.191789 0.78058
1 0.19122 0.777518 0.194346 0.776076 0.195198 0.778598 0.191789 0.779679
1 0.197613 0.774275 0.198324 0.776977 0.194772 0.778418 0.19392 0.775896
1 0.190794 0.777878 0.1898 0.775716 0.193635 0.773915 0.194346 0.776437
1 0.190226 0.773554 0.193209 0.771933 0.19392 0.773915 0.190794 0.775176
1 0.192073 0.770492 0.192925 0.772113 0.190084 0.773734 0.189231 0.771753
1 0.190936 0.766529 0.191931 0.76815 0.189089 0.769951 0.188237 0.76815
1 0.192783 0.770312 0.195909 0.76869 0.196619 0.770852 0.192925 0.772113
1 0.192215 0.770852 0.191647 0.76833 0.194772 0.767249 0.195482 0.769231
1 0.187243 0.762745 0.190084 0.761124 0.190936 0.763646 0.187527 0.765087
1 0.190794 0.763466 0.191362 0.765628 0.189089 0.766889 0.188237 0.764907
1 0.191078 0.765448 0.194346 0.764727 0.195198 0.766889 0.192073 0.76815
1 0.190936 0.762565 0.193351 0.761665 0.194204 0.764006 0.191362 0.765448
1 0.189373 0.756981 0.192925 0.75572 0.193635 0.758422 0.190084 0.759683
1 0.185964 0.758782 0.189516 0.756981 0.190084 0.759323 0.186532 0.760764
1 0.185396 0.75626 0.189231 0.754999 0.189516 0.756981 0.186106 0.758782
1 0.184543 0.751756 0.187385 0.750676 0.188095 0.753017 0.185396 0.754279
1 0.188805 0.754999 0.192073 0.753378 0.192783 0.75572 0.189516 0.757161
1 0.187669 0.750856 0.191078 0.749234 0.191647 0.751576 0.188237 0.752837
1 0.188237 0.753017 0.191931 0.751216 0.192499 0.753558 0.188947 0.754999
1 0.174315 0.739146 0.176161 0.738245 0.177724 0.743109 0.175593 0.74419
1 0.17403 0.603855 0.175593 0.602594 0.176446 0.606197 0.174741 0.606918
1 0.175593 0.602414 0.177582 0.601333 0.178719 0.606738 0.176872 0.607278
1 0.179997 0.600432 0.181844 0.599892 0.183265 0.604396 0.18156 0.604936
1 0.18227 0.599712 0.183691 0.598631 0.185254 0.603315 0.183265 0.604396
1 0.606052 0.383895 0.605058 0.382093 0.609604 0.379932 0.610172 0.382634
1 0.60662 0.385876 0.60591 0.383895 0.609177 0.382814 0.609746 0.384615
1 0.607473 0.387678 0.607046 0.385876 0.610172 0.384435 0.610882 0.386597
1 0.607899 0.389299 0.611593 0.388218 0.612019 0.39056 0.608467 0.392182
1 0.608467 0.391641 0.612161 0.390921 0.612729 0.392902 0.608609 0.394163
1 0.609035 0.393623 0.612587 0.392542 0.613013 0.394524 0.60932 0.395965
1 0.609462 0.395424 0.613013 0.393983 0.613724 0.396505 0.609746 0.398126
1 0.610314 0.397766 0.613581 0.396505 0.614292 0.398307 0.610456 0.400108
1 0.610598 0.400108 0.61415 0.398307 0.614576 0.400829 0.611166 0.40209
1 0.612019 0.403531 0.615286 0.40191 0.615997 0.404792 0.612445 0.406053
1 0.612587 0.406053 0.616281 0.405152 0.616423 0.406954 0.612871 0.407674
1 0.613155 0.410737 0.616281 0.408575 0.617275 0.410737 0.613724 0.412358
1 0.614576 0.411998 0.617701 0.410557 0.617986 0.412718 0.614576 0.41416
1 0.614718 0.41416 0.617986 0.412718 0.618696 0.4147 0.615144 0.416141
1 0.615144 0.416321 0.618696 0.41488 0.619122 0.417222 0.61557 0.418483
1 0.616139 0.420285 0.619406 0.419024 0.619974 0.421366 0.616565 0.422807
1 0.627504 0.403531 0.628356 0.405513 0.624805 0.406954 0.623952 0.404972
1 0.624947 0.406413 0.628356 0.405332 0.628498 0.407854 0.625089 0.408755
1 0.625373 0.408755 0.629067 0.406774 0.629493 0.409115 0.626083 0.410196
1 0.625941 0.410196 0.629635 0.409115 0.630061 0.411457 0.626367 0.412718
1 0.626652 0.412538 0.630061 0.410737 0.630629 0.413079 0.62722 0.41488
1 0.630203 0.413079 0.631198 0.415961 0.62793 0.417402 0.626936 0.41506
1 0.627504 0.40245 0.631198 0.401549 0.631766 0.403531 0.62793 0.404972
1 0.677085 0.444424 0.67538 0.445145 0.674244 0.440461 0.675948 0.43956
1 0.675096 0.445505 0.673249 0.446046 0.672255 0.441542 0.674244 0.440461
1 0.673391 0.446226 0.671402 0.446406 0.670408 0.442263 0.672113 0.441722
1 0.153715 0.592506 0.152294 0.591605 0.154425 0.587101 0.155988 0.588723
1 0.15613 0.588362 0.154425 0.587642 0.15613 0.583498 0.157693 0.5853
1 0.158119 0.5853 0.156698 0.584039 0.158829 0.579715 0.160676 0.581337
1 0.164086 0.576653 0.162665 0.574851 0.165649 0.570888 0.166785 0.57323
1 0.167637 0.57323 0.165791 0.571248 0.168774 0.568366 0.170195 0.569807
1 0.649808 0.424068 0.651087 0.42659 0.647251 0.429472 0.645972 0.42677
1 0.671686 0.446766 0.669555 0.447487 0.668277 0.442623 0.670124 0.441902
1 0.642137 0.395064 0.643131 0.397766 0.639579 0.399568 0.638443 0.397046
1 0.643557 0.397766 0.644126 0.400288 0.640574 0.401189 0.640148 0.398847
1 0.636454 0.39038 0.637164 0.392542 0.634465 0.394163 0.633613 0.391641
1 0.635886 0.388218 0.636738 0.39074 0.633471 0.391821 0.632618 0.38966
1 0.63546 0.386057 0.636312 0.388579 0.633187 0.39002 0.632476 0.386957
1 0.634039 0.381733 0.634749 0.383895 0.63205 0.385516 0.63134 0.383354
1 0.634039 0.379751 0.634607 0.381913 0.631198 0.382994 0.630203 0.381012
1 0.633329 0.377229 0.633613 0.379211 0.630771 0.380472 0.629919 0.378671
1 0.66572 0.449649 0.663731 0.450369 0.661884 0.445685 0.664299 0.444785
1 0.666998 0.448027 0.665435 0.448568 0.664299 0.443884 0.666004 0.443344
