1 0.623053 0.661156 0.63005 0.657778 0.631238 0.661867 0.624241 0.665778
1 0.626221 0.6704 0.632559 0.667022 0.633483 0.6704 0.627145 0.673956
1 0.628334 0.6784 0.634671 0.676267 0.635199 0.679467 0.629522 0.681956
1 0.63137 0.692444 0.637576 0.688889 0.63916 0.692978 0.631899 0.696533
1 0.643781 0.688356 0.650119 0.685156 0.651175 0.688711 0.644838 0.692089
1 0.647214 0.703822 0.645894 0.700444 0.653024 0.696533 0.654344 0.7008
1 0.651439 0.720711 0.649591 0.716444 0.656588 0.713244 0.658437 0.717867
1 0.634143 0.700622 0.640084 0.698311 0.641141 0.703289 0.634671 0.705067
1 0.635463 0.708622 0.641273 0.706489 0.642329 0.709511 0.636256 0.712356
1 0.637576 0.717511 0.635992 0.713422 0.641933 0.7104 0.643781 0.714489
1 0.638104 0.717156 0.643781 0.713778 0.645102 0.717333 0.639028 0.720533
1 0.639688 0.720711 0.645498 0.717156 0.646686 0.720711 0.640745 0.724622
1 0.640613 0.7248 0.64695 0.721778 0.64827 0.725511 0.641669 0.729067
1 0.621864 0.755022 0.616847 0.752178 0.623581 0.732978 0.628598 0.735467
1 0.636784 0.768356 0.640613 0.770133 0.637708 0.778311 0.634143 0.776889
1 0.638764 0.784356 0.642461 0.785244 0.640745 0.792178 0.636916 0.790933
1 0.636388 0.791467 0.640217 0.792356 0.637972 0.800711 0.634275 0.799289
1 0.633351 0.801244 0.63652 0.802667 0.634407 0.810311 0.630974 0.808711
0 0.26076 0.0661333 0.262741 0.0714667 0.247821 0.0776889 0.245973 0.0712889
1 0.219303 0.0570667 0.217454 0.0524444 0.224848 0.0492444 0.225904 0.0536889
1 0.203063 0.0586667 0.210061 0.0558222 0.211513 0.0600889 0.203723 0.0636444
1 0.196198 0.0620444 0.202139 0.0592 0.203327 0.0632889 0.196858 0.0661333
1 0.189068 0.0659556 0.195669 0.0625778 0.19699 0.0668444 0.189992 0.0698667
1 0.624769 0.6656 0.63137 0.662578 0.632559 0.666133 0.625957 0.669689
1 0.622788 0.656 0.628466 0.653156 0.63005 0.6576 0.623977 0.660267
1 0.536308 0.391644 0.543174 0.3888 0.544098 0.392533 0.537233 0.396089
1 0.619752 0.647467 0.625561 0.644444 0.626749 0.648178 0.62028 0.651556
1 0.573013 0.414044 0.571032 0.409778 0.579086 0.406933 0.580143 0.412267
1 0.564563 0.407289 0.56826 0.405867 0.570636 0.416533 0.566147 0.418133
1 0.580011 0.518222 0.575918 0.519822 0.573013 0.508622 0.577634 0.506667
1 0.657248 0.811378 0.662266 0.808889 0.66319 0.811911 0.657777 0.815111
1 0.656192 0.807644 0.661209 0.805511 0.662134 0.808711 0.656984 0.811378
1 0.654344 0.804267 0.659757 0.8016 0.660945 0.805689 0.655004 0.807467
1 0.658569 0.796978 0.659889 0.800889 0.654212 0.803733 0.651967 0.799644
1 0.652759 0.827733 0.651307 0.823822 0.658569 0.820089 0.659625 0.825422
1 0.632955 0.645511 0.639424 0.641956 0.640481 0.645333 0.633615 0.648533
1 0.632031 0.641067 0.638632 0.637867 0.63982 0.641956 0.632823 0.645156
1 0.630974 0.637156 0.637708 0.634667 0.6385 0.638044 0.631635 0.641067
1 0.62873 0.630578 0.635199 0.6272 0.636388 0.631467 0.62939 0.634667
1 0.625693 0.619022 0.632031 0.616356 0.632955 0.619556 0.626749 0.623644
1 0.623977 0.614578 0.630842 0.611556 0.631899 0.615467 0.624901 0.618489
1 0.622788 0.610844 0.62939 0.607644 0.630578 0.611378 0.623977 0.6144
1 0.617111 0.610133 0.618431 0.614044 0.61249 0.616533 0.610774 0.613156
1 0.612226 0.616711 0.618564 0.614044 0.619224 0.617956 0.612886 0.620267
1 0.615527 0.631467 0.621468 0.6288 0.622392 0.632 0.616055 0.6352
1 0.613942 0.623822 0.62028 0.621156 0.621468 0.624356 0.615395 0.627378
1 0.614074 0.627733 0.621072 0.625067 0.6216 0.629156 0.615263 0.632533
1 0.616583 0.635556 0.622392 0.632889 0.623317 0.636444 0.617375 0.639644
1 0.617375 0.639467 0.623713 0.636978 0.625033 0.641244 0.618299 0.643733
1 0.624637 0.640533 0.625693 0.644089 0.620148 0.647644 0.618167 0.644089
1 0.226697 0.0620444 0.232902 0.0595556 0.234222 0.0631111 0.227753 0.0661333
1 0.219699 0.0654222 0.226301 0.0625778 0.227489 0.0666667 0.220227 0.0698667
1 0.214418 0.0728889 0.212833 0.0689778 0.218643 0.0661333 0.219831 0.0702222
1 0.211513 0.0689778 0.212965 0.0732444 0.207684 0.0762667 0.205836 0.072
1 0.119752 0.0981333 0.12094 0.102222 0.114735 0.105244 0.113282 0.101511
1 0.100343 0.0984889 0.105492 0.0963556 0.106417 0.100267 0.101267 0.101867
1 0.0864801 0.101867 0.090573 0.100267 0.0922894 0.1104 0.0881965 0.111644
1 0.120676 0.0976 0.126353 0.0951111 0.127278 0.0986667 0.12094 0.100978
1 0.127145 0.0940444 0.132823 0.0917333 0.133879 0.096 0.127674 0.0984889
1 0.133879 0.0913778 0.139688 0.0881778 0.141273 0.0924444 0.134539 0.0956444
1 0.262081 0.737422 0.268682 0.734933 0.269739 0.739911 0.263269 0.7424
1 0.19897 0.0750222 0.20478 0.0721778 0.2061 0.0766222 0.200026 0.0792889
1 0.192633 0.0784 0.198046 0.0762667 0.199234 0.0801778 0.193953 0.0824889
1 0.187087 0.0808889 0.192105 0.0785778 0.193557 0.0828444 0.187616 0.0851556
1 0.18009 0.0837333 0.186427 0.0807111 0.187748 0.0851556 0.180882 0.0881778
1 0.169395 0.0748444 0.175601 0.072 0.176657 0.0764444 0.170716 0.0792889
0 0.221019 0.486756 0.226829 0.4848 0.233958 0.513244 0.227489 0.515378
1 0.237655 0.705956 0.239504 0.701511 0.245313 0.706311 0.243332 0.709689
1 0.255215 0.709333 0.261025 0.707022 0.262477 0.711467 0.256271 0.7136
1 0.256536 0.7136 0.262081 0.710933 0.263137 0.7152 0.257064 0.717511
1 0.217586 0.712711 0.221019 0.711111 0.223132 0.720711 0.219435 0.721778
1 0.263005 0.742222 0.269871 0.7392 0.271059 0.743644 0.263797 0.746489
1 0.141009 0.0881778 0.146686 0.0855111 0.147874 0.0896 0.141537 0.0924444
1 0.263665 0.746667 0.269871 0.743822 0.270927 0.747733 0.265118 0.750933
1 0.265514 0.750756 0.270927 0.748089 0.272115 0.752711 0.266042 0.755378
1 0.285054 0.749511 0.289015 0.747911 0.29126 0.757511 0.286771 0.758578
1 0.337866 0.9616 0.340903 0.959644 0.343148 0.967467 0.339715 0.968533
0 0.0262741 0.217422 0.0315553 0.217956 0.029971 0.235556 0.0244257 0.234489
0 0.0217851 0.2528 0.0159757 0.251733 0.0186163 0.234489 0.0248218 0.2352
1 0.157381 0.0949333 0.162794 0.0920889 0.164114 0.0967111 0.158569 0.0984889
1 0.151175 0.0979556 0.15672 0.0958222 0.157777 0.0993778 0.151967 0.1024
1 0.133219 0.106311 0.13916 0.103644 0.140613 0.108089 0.134143 0.110578
1 0.146686 0.0999111 0.148138 0.103822 0.141537 0.1072 0.139556 0.102756
1 0.569184 0.399822 0.575522 0.396622 0.576446 0.400889 0.569976 0.403556
1 0.533008 0.377956 0.531555 0.374044 0.539081 0.371378 0.539741 0.374933
1 0.524954 0.360711 0.521389 0.362133 0.518352 0.352 0.522049 0.349867
1 0.66451 0.0440889 0.661738 0.0455111 0.659889 0.0378667 0.663322 0.0364444
1 0.816874 0.874311 0.823475 0.875911 0.823079 0.880178 0.816477 0.878933
1 0.815553 0.869333 0.815553 0.8656 0.820966 0.866133 0.820702 0.8704
1 0.813177 0.841778 0.816213 0.841067 0.817798 0.846756 0.814365 0.848178
1 0.811064 0.832178 0.814101 0.831467 0.815025 0.8384 0.811856 0.839111
1 0.553076 0.0407111 0.554265 0.0446222 0.547399 0.048 0.546211 0.0444444
1 0.614074 0.0456889 0.620148 0.0433778 0.621336 0.0476444 0.614603 0.0506667
1 0.525614 0.0247111 0.523766 0.0200889 0.530499 0.0168889 0.531687 0.0213333
1 0.486137 0.0464 0.483232 0.0474667 0.481648 0.0401778 0.485477 0.0387556
1 0.530235 0.148444 0.531291 0.144178 0.537629 0.147378 0.536044 0.151822
1 0.537497 0.152178 0.538685 0.148622 0.545683 0.152889 0.544098 0.1568
1 0.531687 0.163378 0.532744 0.159111 0.539345 0.161244 0.537893 0.165689
1 0.517428 0.302578 0.520861 0.303467 0.518088 0.312178 0.514655 0.310222
1 0.518484 0.309156 0.522049 0.310578 0.519144 0.318222 0.515976 0.3168
1 0.520201 0.315733 0.523105 0.316978 0.520465 0.324978 0.517428 0.323022
0 0.531159 0.321067 0.52601 0.3232 0.520201 0.301511 0.52601 0.298133
0 0.494719 0.0529778 0.500132 0.0563556 0.498812 0.0604444 0.49287 0.0570667
0 0.48442 0.0487111 0.490494 0.0481778 0.490494 0.0520889 0.48442 0.0526222
0 0.13784 0.127644 0.141273 0.128356 0.138104 0.142756 0.134275 0.140978
0 0.0665434 0.724267 0.0709004 0.722311 0.0755215 0.7392 0.0707684 0.740978
