0 0.289285 0.960419 0.289068 0.96362 0.281678 0.961874 0.282113 0.958673
1 0.0345577 0.0614086 0.0367311 0.0602445 0.0373832 0.0660652 0.0352097 0.0669383
1 0.033471 0.0535506 0.0356444 0.0526775 0.0360791 0.0584983 0.0339057 0.0584983
0 0.660943 0.299476 0.663117 0.299185 0.663334 0.306461 0.660943 0.306461
0 0.863291 0.537544 0.86416 0.539872 0.859596 0.5422 0.858726 0.540163
1 0.874375 0.730792 0.873288 0.728463 0.877201 0.726717 0.87807 0.729627
0 0.777222 0.836438 0.776136 0.833818 0.786568 0.82858 0.787438 0.831781
0 0.758096 0.833818 0.757444 0.830908 0.76679 0.826251 0.767442 0.829744
0 0.854162 0.67695 0.855466 0.680733 0.845686 0.685099 0.844382 0.681315
0 0.971528 0.573632 0.973701 0.572468 0.976962 0.583818 0.974353 0.5844
0 0.863508 0.545693 0.872419 0.541909 0.872854 0.544529 0.86416 0.548312
0 0.887416 0.745925 0.885025 0.746799 0.88133 0.734866 0.884373 0.733702
0 0.935884 0.48603 0.934797 0.482829 0.944143 0.480501 0.944577 0.483702
0 0.835905 0.135332 0.838731 0.133877 0.841774 0.146973 0.839383 0.148428
0 0.833297 0.135914 0.835688 0.13475 0.839165 0.149593 0.837209 0.150175
0 0.830689 0.137078 0.833297 0.136205 0.836775 0.150466 0.835036 0.150757
0 0.828516 0.137369 0.830472 0.136787 0.834384 0.150757 0.83221 0.151339
0 0.826125 0.139115 0.828733 0.137951 0.832428 0.152794 0.830689 0.153667
0 0.823517 0.140279 0.826342 0.139406 0.830037 0.153376 0.827429 0.15454
1 0.88546 0.73021 0.883504 0.731374 0.881765 0.726135 0.883721 0.724971
0 0.885242 0.75 0.883504 0.750873 0.881113 0.741269 0.883286 0.740687
0 0.817214 0.14319 0.819604 0.141735 0.823517 0.155413 0.821126 0.156286
0 0.869811 0.792782 0.870028 0.796275 0.862204 0.798021 0.861334 0.794237
0 0.853945 0.559953 0.854379 0.561991 0.847207 0.565192 0.846338 0.562864
0 0.853293 0.557043 0.854162 0.559662 0.845903 0.563155 0.845251 0.560827
0 0.852423 0.554133 0.853293 0.557334 0.845034 0.560827 0.844164 0.557916
0 0.880678 0.546857 0.881547 0.550349 0.87481 0.553551 0.873071 0.550058
0 0.86829 0.550058 0.869159 0.552969 0.86003 0.557625 0.858944 0.554133
0 0.859161 0.886787 0.856553 0.887369 0.854597 0.875437 0.85764 0.874854
0 0.880461 0.940338 0.877853 0.940629 0.875897 0.931315 0.878939 0.930442
1 0.875897 0.791909 0.874158 0.792782 0.872854 0.788417 0.875245 0.786962
0 0.883286 0.750873 0.88133 0.752037 0.877635 0.742433 0.880678 0.740687
1 0.917409 0.774738 0.915888 0.776193 0.912628 0.772992 0.914366 0.770664
0 0.884808 0.826251 0.894153 0.822177 0.895023 0.824796 0.885025 0.828871
1 0.892849 0.759604 0.893501 0.762515 0.888502 0.764261 0.88785 0.761641
0 0.89524 0.77241 0.893067 0.773283 0.890893 0.765425 0.893284 0.763679
1 0.878722 0.791036 0.876983 0.791909 0.875245 0.786962 0.877418 0.785797
1 0.882852 0.755239 0.885242 0.754366 0.887198 0.760186 0.884808 0.760768
1 0.888068 0.757567 0.885894 0.75844 0.883938 0.75291 0.886764 0.752037
0 0.820474 0.141735 0.822865 0.14057 0.826994 0.153667 0.824169 0.15454
0 0.814823 0.143772 0.817214 0.142899 0.820908 0.156868 0.818735 0.157451
0 0.504021 0.893481 0.499022 0.892608 0.499239 0.888824 0.504021 0.889988
0 0.785047 0.236321 0.782656 0.237194 0.781352 0.23021 0.783525 0.229045
0 0.782873 0.236903 0.780917 0.238359 0.778309 0.231956 0.781135 0.23021
0 0.770267 0.208091 0.767877 0.209255 0.763747 0.197614 0.767007 0.195285
0 0.763312 0.178405 0.76027 0.179569 0.757661 0.169383 0.760704 0.16851
0 0.767442 0.175495 0.765268 0.176659 0.763095 0.167928 0.765051 0.167055
0 0.770702 0.176368 0.768529 0.177532 0.765051 0.166182 0.767659 0.164435
0 0.812649 0.144645 0.814606 0.14319 0.818518 0.157159 0.816344 0.158033
0 0.79461 0.221769 0.791784 0.223516 0.788959 0.215367 0.791132 0.21362
0 0.793306 0.15163 0.795914 0.149884 0.798957 0.160652 0.796783 0.161525
0 0.809824 0.145227 0.812432 0.144354 0.816127 0.158324 0.813736 0.158906
0 0.790698 0.199651 0.788524 0.200815 0.785699 0.192666 0.787872 0.191502
0 0.78809 0.184517 0.785916 0.18539 0.78396 0.178987 0.786133 0.177241
0 0.784395 0.192375 0.782439 0.193539 0.7807 0.188591 0.783091 0.186845
0 0.789176 0.204307 0.786785 0.20518 0.785047 0.198778 0.78722 0.197905
0 0.792219 0.212747 0.789611 0.213912 0.787438 0.205763 0.789176 0.20518
0 0.800913 0.233993 0.798739 0.235157 0.795045 0.223516 0.797653 0.222352
0 0.775266 0.174331 0.772875 0.175495 0.768963 0.163271 0.772006 0.161816
0 0.796349 0.222352 0.79374 0.223225 0.790915 0.213329 0.79374 0.212165
0 0.797653 0.235739 0.795262 0.236612 0.792219 0.227299 0.794393 0.226426
0 0.784612 0.166182 0.782439 0.167055 0.77983 0.158906 0.781787 0.157159
0 0.783308 0.168801 0.781352 0.169965 0.777005 0.159779 0.779396 0.158324
0 0.781352 0.169674 0.779178 0.17142 0.776788 0.164435 0.779396 0.16298
0 0.778744 0.173166 0.776353 0.174913 0.772006 0.161816 0.774397 0.159779
0 0.772223 0.174622 0.770267 0.175204 0.767442 0.165017 0.769833 0.16298
