0 0.64442 0.26535 0.648345 0.26535 0.648345 0.276122 0.643859 0.276122
0 0.676949 0.385637 0.674145 0.383842 0.690409 0.368043 0.694896 0.369838
0 0.671901 0.36912 0.667414 0.367684 0.674706 0.357989 0.679192 0.359066
0 0.669097 0.388869 0.66461 0.388869 0.665171 0.379892 0.669097 0.379892
0 0.685362 0.387074 0.681436 0.384919 0.690409 0.376661 0.694335 0.378456
0 0.681997 0.406104 0.679192 0.40395 0.689288 0.394973 0.692653 0.396768
0 0.678632 0.459246 0.675827 0.457451 0.685923 0.448833 0.688727 0.450628
0 0.673023 0.448115 0.669658 0.445601 0.688166 0.430162 0.69097 0.431957
0 0.674706 0.43842 0.67078 0.436625 0.688166 0.421185 0.692092 0.422621
0 0.681436 0.423339 0.678071 0.421544 0.687605 0.413285 0.690409 0.415081
0 0.469994 0.0965889 0.471677 0.0951526 0.485698 0.0998205 0.484016 0.101616
0 0.34212 0.65781 0.345485 0.658528 0.341559 0.668941 0.337633 0.668223
0 0.688727 0.343268 0.685923 0.341831 0.694896 0.333573 0.697701 0.33465
0 0.73696 0.262118 0.734156 0.260323 0.742569 0.252065 0.745934 0.25386
0 0.737521 0.236266 0.733595 0.234111 0.74313 0.225494 0.746495 0.227289
0 0.740886 0.187433 0.737521 0.185637 0.747616 0.176661 0.750421 0.178097
0 0.736399 0.182406 0.731913 0.179892 0.748177 0.167684 0.751542 0.16912
0 0.747056 0.110592 0.74369 0.108438 0.752664 0.0994614 0.756029 0.100898
0 0.741447 0.105566 0.738082 0.104129 0.745934 0.097307 0.748738 0.0991023
0 0.659002 0.0771993 0.656758 0.0789946 0.649467 0.0754039 0.651711 0.0736086
0 0.742008 0.097307 0.738082 0.0955117 0.745373 0.0879713 0.748738 0.0897666
0 0.738643 0.162657 0.735278 0.160862 0.74986 0.147217 0.753786 0.148654
0 0.744251 0.139318 0.740886 0.137882 0.750421 0.127828 0.753786 0.129623
0 0.744812 0.121364 0.740886 0.119569 0.751542 0.110592 0.754907 0.112388
0 0.691531 0.355835 0.688727 0.354039 0.699944 0.343986 0.703309 0.345422
0 0.742569 0.149731 0.739204 0.147576 0.749299 0.138959 0.752103 0.140754
0 0.7235 0.188151 0.719013 0.188151 0.718452 0.177738 0.722939 0.177738
0 0.735278 0.202513 0.731352 0.200359 0.747056 0.184919 0.751542 0.187074
0 0.733595 0.221544 0.730791 0.21939 0.747616 0.203232 0.751542 0.204309
0 0.73023 0.23088 0.726304 0.23088 0.724621 0.220108 0.728547 0.220108
0 0.662367 0.251346 0.659563 0.251346 0.660123 0.235189 0.663489 0.235189
0 0.0729108 0.182406 0.0757151 0.18456 0.0639372 0.191741 0.0605721 0.189587
