1 0.353539 0.562761 0.358232 0.558589 0.368009 0.569207 0.363707 0.573758
1 0.274932 0.381494 0.276496 0.386424 0.262808 0.390975 0.261244 0.385286
1 0.266719 0.374289 0.267892 0.379977 0.255768 0.38339 0.254204 0.377702
1 0.312476 0.426242 0.31404 0.431551 0.301916 0.433826 0.300743 0.428896
1 0.319515 0.434585 0.319515 0.440273 0.305045 0.441411 0.304263 0.435343
1 0.265154 0.457338 0.269847 0.453546 0.279233 0.464922 0.274932 0.468714
1 0.354321 0.492984 0.35002 0.496018 0.341807 0.486159 0.346109 0.482746
1 0.331639 0.535457 0.336332 0.532044 0.345718 0.543421 0.340634 0.547592
1 0.250684 0.35419 0.25264 0.358741 0.239734 0.363292 0.237779 0.358362
1 0.316777 0.599924 0.31756 0.594236 0.331639 0.596132 0.330856 0.602199
1 0.273758 0.593477 0.275323 0.588168 0.288619 0.591202 0.287055 0.596511
1 0.258115 0.590823 0.259288 0.585514 0.272585 0.588168 0.271412 0.593477
0 0.336332 0.867273 0.335158 0.873341 0.320297 0.871066 0.321079 0.864998
1 0.347282 0.891923 0.348064 0.886234 0.363707 0.887751 0.362534 0.893819
1 0.262808 0.367463 0.263981 0.373151 0.251858 0.376185 0.249902 0.370497
1 0.285491 0.395146 0.287055 0.400455 0.27454 0.404247 0.272976 0.39818
1 0.385608 0.447857 0.380915 0.450133 0.374658 0.439135 0.379351 0.436481
1 0.425108 0.422829 0.425108 0.42738 0.41142 0.428138 0.411029 0.423587
1 0.395385 0.442548 0.390301 0.445582 0.383262 0.433826 0.387955 0.430793
1 0.432147 0.429655 0.432147 0.435343 0.418459 0.435722 0.418459 0.429276
1 0.438795 0.436481 0.438795 0.442169 0.425499 0.442548 0.425108 0.436481
1 0.443097 0.444444 0.442706 0.450512 0.429409 0.450512 0.429409 0.444065
1 0.452092 0.458855 0.451701 0.463785 0.438013 0.463026 0.438013 0.458096
1 0.45483 0.466818 0.45483 0.471748 0.441142 0.472127 0.440751 0.466439
1 0.45835 0.474403 0.45835 0.479712 0.44388 0.480849 0.44388 0.474403
1 0.437231 0.519151 0.432147 0.515358 0.440751 0.501327 0.445835 0.504361
1 0.427845 0.505878 0.421979 0.502844 0.427845 0.489951 0.433711 0.492226
1 0.420415 0.499052 0.41533 0.496397 0.422761 0.483125 0.427454 0.485779
1 0.414939 0.492984 0.410246 0.490709 0.41533 0.478195 0.420415 0.479333
1 0.409464 0.484642 0.403989 0.481608 0.409073 0.471748 0.414157 0.474403
1 0.256551 0.361396 0.258115 0.367084 0.2456 0.370118 0.243645 0.364429
1 0.246382 0.346227 0.247556 0.352294 0.235041 0.354949 0.233868 0.348881
1 0.240516 0.340159 0.241689 0.345848 0.228393 0.348123 0.226828 0.342814
0 0.157998 0.864998 0.159171 0.859689 0.174814 0.862344 0.173641 0.868032
0 0.208838 0.849071 0.207665 0.855518 0.186938 0.852105 0.188111 0.846037
1 0.110285 0.270762 0.114587 0.267349 0.123973 0.278726 0.119671 0.282139
1 0.0449746 0.559727 0.0461478 0.555176 0.0606179 0.557452 0.0598357 0.562381
1 0.0715682 0.83011 0.0707861 0.834661 0.0590536 0.832765 0.0598357 0.828214
1 0.0672663 0.851725 0.0680485 0.846796 0.0821275 0.849071 0.0813453 0.854001
1 0.152914 0.841107 0.152131 0.846796 0.138052 0.8449 0.139226 0.838832
0 0.12984 0.861206 0.130622 0.855518 0.146656 0.857793 0.145874 0.863481
1 0.211576 0.872203 0.212358 0.867653 0.226046 0.869928 0.225655 0.874858
1 0.151349 0.574516 0.152522 0.569966 0.166601 0.573 0.165819 0.578309
1 0.23465 0.332575 0.236605 0.338263 0.222917 0.342814 0.220571 0.337126
1 0.427454 0.640121 0.432538 0.637467 0.437622 0.647706 0.432538 0.650739
1 0.427845 0.662874 0.43332 0.660978 0.437231 0.674251 0.432538 0.676147
1 0.436058 0.683732 0.441924 0.681077 0.446617 0.69397 0.441142 0.696246
1 0.442706 0.701176 0.449355 0.699279 0.454048 0.713311 0.447399 0.715586
1 0.459132 0.706105 0.465389 0.704209 0.470082 0.717861 0.463825 0.720137
1 0.461869 0.787637 0.467736 0.787258 0.468518 0.800531 0.463043 0.800531
1 0.456785 0.886614 0.456003 0.892302 0.441142 0.890406 0.441533 0.884717
1 0.481424 0.923777 0.488072 0.923019 0.488854 0.937808 0.482988 0.938187
1 0.464216 0.825939 0.470473 0.825939 0.470864 0.840349 0.464216 0.840728
1 0.508017 0.789913 0.502933 0.790292 0.502151 0.777019 0.507235 0.77664
0 0.128275 0.293515 0.133359 0.289344 0.142745 0.3011 0.137661 0.305271
