0 0.722342 0.198768 0.724497 0.199111 0.72306 0.206979 0.721264 0.206637
0 0.72342 0.190216 0.725934 0.190558 0.724856 0.198084 0.722701 0.197742
0 0.732399 0.132056 0.734195 0.132398 0.732759 0.140267 0.730963 0.140267
0 0.59375 0.415327 0.593391 0.417379 0.581178 0.416011 0.581537 0.413958
0 0.459052 0.479644 0.459052 0.477592 0.469828 0.478276 0.469468 0.479986
0 0.447557 0.100582 0.447198 0.102634 0.440733 0.101608 0.440733 0.0995553
0 0.429239 0.30414 0.428879 0.306192 0.417026 0.304824 0.417026 0.302429
0 0.433549 0.439275 0.435704 0.439617 0.433908 0.451249 0.431753 0.451249
0 0.436422 0.439275 0.438578 0.439617 0.437859 0.450222 0.435345 0.450222
0 0.439296 0.440301 0.441451 0.440985 0.439655 0.450222 0.437859 0.450222
0 0.44217 0.443722 0.444325 0.444064 0.44217 0.456038 0.440374 0.456038
0 0.0941092 0.363325 0.091954 0.36401 0.090158 0.357852 0.091954 0.357167
0 0.12033 0.788915 0.118175 0.789258 0.117816 0.780705 0.119971 0.780705
0 0.115302 0.848785 0.114583 0.850838 0.10704 0.849128 0.107399 0.847075
0 0.12967 0.404037 0.127155 0.403353 0.128951 0.392747 0.130747 0.393089
0 0.106681 0.313719 0.108836 0.314061 0.106681 0.324324 0.104526 0.323982
0 0.721264 0.207321 0.72306 0.207663 0.721983 0.215874 0.720187 0.215532
0 0.76329 0.495381 0.761494 0.495039 0.765086 0.482723 0.766882 0.483407
0 0.0553161 0.247691 0.0574713 0.247691 0.0574713 0.255901 0.0553161 0.255901
