0 0.126661 0.222981 0.126271 0.224877 0.114934 0.222981 0.115715 0.220705
0 0.01681 0.666287 0.0156372 0.667425 0.0105551 0.664012 0.011337 0.662495
0 0.107115 0.750095 0.108679 0.747819 0.120797 0.756542 0.119234 0.758817
0 0.123925 0.765643 0.125489 0.763367 0.141908 0.775882 0.140344 0.777778
0 0.23534 0.829352 0.233776 0.831627 0.223612 0.823663 0.225176 0.822146
0 0.272869 0.871824 0.274042 0.869928 0.281079 0.875616 0.279906 0.877133
0 0.159891 0.147516 0.160672 0.145241 0.1724 0.147137 0.172009 0.149412
0 0.192338 0.141449 0.194292 0.141828 0.192338 0.15548 0.189992 0.1551
0 0.195856 0.161926 0.198202 0.161547 0.198202 0.171028 0.195856 0.171028
0 0.187647 0.171407 0.189992 0.171786 0.187647 0.185059 0.185301 0.18468
0 0.189601 0.172165 0.191947 0.170648 0.198984 0.17937 0.197029 0.180508
0 0.278733 0.0989761 0.281079 0.0989761 0.279515 0.110353 0.276779 0.109594
0 0.270915 0.267728 0.268569 0.268866 0.264269 0.258627 0.266224 0.25749
0 0.322518 0.334092 0.322518 0.331816 0.339719 0.333713 0.339328 0.335988
0 0.295152 0.876375 0.293198 0.87865 0.277952 0.867273 0.279124 0.864998
0 0.124316 0.219188 0.124316 0.221464 0.112197 0.219947 0.112588 0.217672
