0 0.796837 0.900165 0.798459 0.905101 0.7794 0.907021 0.778183 0.90181
1 0.521492 0.755623 0.517437 0.760011 0.504866 0.753703 0.508921 0.749863
1 0.520681 0.747943 0.517032 0.751783 0.504866 0.746572 0.508516 0.742732
1 0.447283 0.731487 0.447283 0.735601 0.434712 0.736423 0.433901 0.732035
1 0.524736 0.770433 0.521492 0.773999 0.509327 0.768513 0.512976 0.764399
1 0.508516 0.775096 0.512165 0.770982 0.524736 0.776467 0.522303 0.780033
1 0.525953 0.782776 0.522709 0.78689 0.511354 0.78113 0.514599 0.777839
1 0.38605 0.416347 0.386861 0.419912 0.373479 0.421284 0.372263 0.41717
1 0.388078 0.427866 0.388889 0.431157 0.375912 0.433352 0.374696 0.429512
1 0.360097 0.436094 0.366991 0.435546 0.369019 0.444871 0.36253 0.445694
1 0.813463 0.676632 0.813463 0.672792 0.825629 0.672518 0.825629 0.676632
1 0.492701 0.22655 0.488646 0.230389 0.475669 0.224904 0.479319 0.220516
1 0.13017 0.168129 0.135036 0.165935 0.143552 0.173889 0.138686 0.176358
1 0.208435 0.203511 0.203974 0.199671 0.213706 0.194185 0.217762 0.1983
0 0.937551 0.536753 0.929035 0.537301 0.927413 0.520845 0.935929 0.52057
0 0.895783 0.527702 0.906732 0.527427 0.90957 0.558969 0.900649 0.559792
0 0.959448 0.625891 0.950933 0.626988 0.949716 0.613549 0.957015 0.613001
0 0.957015 0.671421 0.949716 0.671969 0.948094 0.657707 0.954988 0.657433
0 0.931468 0.910038 0.934307 0.91525 0.885645 0.924301 0.883212 0.918815
0 0.97648 0.801426 0.969181 0.8017 0.967153 0.787438 0.974453 0.787438
0 0.979724 0.766045 0.971208 0.766319 0.969181 0.753154 0.977291 0.752606
0 0.923763 0.719144 0.931873 0.718596 0.93309 0.733681 0.925385 0.733955
1 0.896188 0.447888 0.901865 0.447614 0.903487 0.456116 0.896999 0.456665
1 0.821979 0.646462 0.821979 0.65085 0.809002 0.651125 0.808597 0.646462
1 0.806975 0.632474 0.806569 0.62836 0.819951 0.627537 0.820357 0.631651
1 0.823601 0.640154 0.823601 0.644268 0.808597 0.645091 0.808191 0.640702
1 0.892539 0.575425 0.899432 0.574877 0.899838 0.583928 0.893755 0.584476
1 0.8897 0.561986 0.896999 0.561163 0.898216 0.571037 0.891322 0.571585
1 0.886456 0.531267 0.89335 0.531267 0.894566 0.541141 0.888078 0.54169
1 0.879157 0.480801 0.88605 0.480252 0.887672 0.490126 0.880779 0.490949
1 0.824006 0.491772 0.820762 0.488481 0.8309 0.482995 0.83455 0.486012
1 0.890105 0.478058 0.895783 0.47751 0.896999 0.485738 0.891322 0.486286
1 0.875912 0.459682 0.882401 0.458859 0.884428 0.467636 0.87794 0.468459
1 0.783455 0.467361 0.783455 0.462699 0.800487 0.461602 0.800892 0.466539
1 0.782644 0.46023 0.781833 0.456116 0.79562 0.455019 0.796026 0.459133
1 0.781833 0.454745 0.781022 0.449534 0.796431 0.448985 0.796837 0.453648
1 0.781427 0.447614 0.781427 0.442951 0.797242 0.442951 0.797648 0.44734
1 0.813869 0.424026 0.807786 0.424575 0.806164 0.414427 0.812247 0.413604
1 0.772912 0.398793 0.776156 0.394953 0.789943 0.400713 0.786699 0.40373
1 0.770884 0.391388 0.774534 0.387274 0.788321 0.392759 0.785077 0.396599
1 0.768045 0.368897 0.770479 0.364783 0.784266 0.36972 0.781022 0.373286
1 0.864558 0.381788 0.871452 0.381514 0.872668 0.391114 0.865369 0.391936
1 0.816707 0.0529347 0.822384 0.0523862 0.824412 0.0603401 0.81914 0.0611629
1 0.888483 0.0551289 0.881995 0.0559517 0.88159 0.0449808 0.888078 0.0449808
1 0.821979 0.651947 0.823195 0.656061 0.809813 0.658256 0.807786 0.653867
1 0.815896 0.696928 0.815896 0.69254 0.831711 0.692814 0.831711 0.697202
1 0.817518 0.716676 0.817113 0.712836 0.828873 0.712287 0.829278 0.715853
1 0.839822 0.939934 0.83455 0.940208 0.833333 0.93198 0.839011 0.931706
1 0.847526 0.939934 0.841444 0.939934 0.840633 0.930883 0.846715 0.930883
1 0.855231 0.929512 0.861719 0.929786 0.86253 0.938837 0.856042 0.939111
1 0.793998 0.838453 0.800487 0.838453 0.800892 0.847504 0.794809 0.847778
1 0.834955 0.827756 0.83455 0.823094 0.847932 0.822271 0.848743 0.826659
1 0.831711 0.809106 0.831711 0.804992 0.843877 0.804992 0.843877 0.808832
1 0.842255 0.799506 0.843471 0.803072 0.830495 0.804992 0.829278 0.801152
1 0.828062 0.794295 0.827656 0.790181 0.841038 0.789358 0.841038 0.793747
1 0.827251 0.788535 0.828062 0.784696 0.840633 0.785244 0.839822 0.789358
1 0.826034 0.763577 0.825223 0.75864 0.841038 0.757817 0.841849 0.762479
0 0.819951 0.737246 0.819546 0.732584 0.836983 0.732035 0.837388 0.736698
1 0.816707 0.703236 0.816302 0.698574 0.8309 0.697751 0.831306 0.702688
1 0.883617 0.0194734 0.87794 0.0194734 0.876723 0.00959956 0.882806 0.00932529
1 0.86618 0.0992869 0.866991 0.0954471 0.880373 0.0970927 0.879968 0.100658
1 0.963098 0.0916072 0.957421 0.0910587 0.958637 0.0811849 0.965126 0.0814591
1 0.946878 0.617937 0.941606 0.618486 0.9412 0.609435 0.946472 0.609161
1 0.967559 0.608886 0.961882 0.609161 0.961071 0.600658 0.966748 0.60011
1 0.922141 0.631651 0.928629 0.631103 0.930251 0.640976 0.923358 0.641525
1 0.970803 0.631925 0.965531 0.632748 0.96472 0.62452 0.969992 0.62452
1 0.968775 0.62068 0.963098 0.620406 0.962693 0.611629 0.96837 0.611355
1 0.904298 0.659901 0.909976 0.659901 0.911598 0.669775 0.905515 0.670324
1 0.926602 0.671969 0.932279 0.671421 0.93309 0.680746 0.927818 0.681295
1 0.977291 0.68486 0.972425 0.685134 0.970803 0.676632 0.976886 0.676358
1 0.980941 0.705705 0.974453 0.705705 0.973642 0.695283 0.98013 0.694734
1 0.970397 0.715579 0.965126 0.715579 0.964315 0.705979 0.969992 0.705705
1 0.933901 0.714207 0.938767 0.714207 0.939578 0.72271 0.934712 0.72271
1 0.96472 0.743829 0.959043 0.744103 0.958637 0.734778 0.964315 0.734504
1 0.935929 0.742183 0.942417 0.741909 0.942822 0.751783 0.93674 0.752331
1 0.939578 0.758091 0.94485 0.757543 0.946067 0.767142 0.939984 0.767416
1 0.944444 0.791827 0.950527 0.791552 0.950933 0.801975 0.945255 0.801975
1 0.936334 0.808557 0.942822 0.808283 0.943633 0.818157 0.937145 0.818157
1 0.949716 0.835985 0.956204 0.835985 0.95661 0.845036 0.950527 0.845036
1 0.85077 0.985464 0.851987 0.981898 0.865369 0.983269 0.864152 0.986835
0 0.970397 0.832693 0.961882 0.832419 0.961071 0.820351 0.969992 0.820077
1 0.42498 0.937191 0.418897 0.93774 0.418086 0.929238 0.424169 0.928963
1 0.401865 0.987109 0.40146 0.982721 0.415653 0.982721 0.416058 0.987383
1 0.965531 0.596544 0.959854 0.597093 0.959448 0.58859 0.965126 0.588042
1 0.953771 0.511245 0.947689 0.511519 0.946472 0.501371 0.952555 0.500823
1 0.971208 0.0877674 0.965531 0.0874931 0.966748 0.0789907 0.971208 0.0789907
1 0.955799 0.521942 0.949311 0.52249 0.9485 0.513165 0.954582 0.512891
1 0.979724 0.0855732 0.974453 0.0855732 0.975264 0.0765222 0.979724 0.0767965
1 0.944039 0.0959956 0.939173 0.0954471 0.941606 0.0885902 0.946472 0.0885902
1 0.900649 0.139057 0.894161 0.139331 0.892539 0.129183 0.899432 0.128908
1 0.903082 0.166758 0.897405 0.167032 0.896594 0.157981 0.902271 0.157433
1 0.905515 0.180472 0.900649 0.18102 0.899838 0.173615 0.904704 0.173341
1 0.907948 0.191717 0.90146 0.191717 0.901054 0.182666 0.907543 0.182392
1 0.908759 0.204882 0.902676 0.204608 0.901865 0.196654 0.908354 0.196654
1 0.912409 0.218596 0.905515 0.219419 0.904704 0.20927 0.910787 0.208996
1 0.912814 0.230938 0.907137 0.231761 0.906732 0.221613 0.912814 0.221613
1 0.915653 0.251783 0.910787 0.251783 0.909976 0.242732 0.915653 0.243006
1 0.915247 0.240812 0.90957 0.24136 0.907543 0.233681 0.913625 0.233132
1 0.918086 0.267691 0.912409 0.268239 0.912003 0.258914 0.917275 0.258365
1 0.985807 0.299781 0.986618 0.303346 0.972425 0.304992 0.971614 0.300878
1 0.96026 0.322545 0.96026 0.318157 0.974453 0.317334 0.974453 0.321722
1 0.976075 0.321722 0.975669 0.317608 0.987835 0.31706 0.987835 0.3209
1 0.930657 0.356829 0.92498 0.357652 0.924169 0.347504 0.929846 0.34723
1 0.935929 0.393033 0.930251 0.393308 0.92944 0.383708 0.935118 0.383434
1 0.942417 0.430883 0.93674 0.431432 0.935118 0.421558 0.940795 0.421284
1 0.943633 0.445968 0.938362 0.445968 0.937551 0.438837 0.942417 0.438563
1 0.951338 0.499451 0.946067 0.499451 0.945661 0.490126 0.950527 0.490126
1 0.903893 0.506583 0.910787 0.506583 0.911192 0.516731 0.905109 0.516731
1 0.654096 0.96599 0.658556 0.969007 0.652474 0.973944 0.647202 0.971476
1 0.555961 0.871914 0.549067 0.873012 0.547445 0.863412 0.553122 0.862315
1 0.566099 0.873286 0.559205 0.874109 0.557178 0.864235 0.563666 0.863412
1 0.642741 0.847504 0.648824 0.84723 0.649635 0.856555 0.643147 0.856829
1 0.659367 0.847504 0.666261 0.846956 0.667478 0.856555 0.661395 0.857378
1 0.624899 0.921832 0.627737 0.925672 0.614761 0.930335 0.611517 0.926221
1 0.68086 0.962973 0.68532 0.965716 0.675182 0.973944 0.670316 0.970927
0 0.73236 0.958859 0.737632 0.961327 0.727088 0.970104 0.721817 0.967087
1 0.719789 0.940208 0.724655 0.943225 0.715328 0.952002 0.709651 0.949259
1 0.704785 0.943774 0.709651 0.946791 0.700324 0.953922 0.695053 0.951179
1 0.770073 0.957762 0.774939 0.960505 0.766829 0.967636 0.761152 0.964893
1 0.667883 0.846681 0.674371 0.846133 0.676805 0.855458 0.670316 0.856829
1 0.713706 0.853264 0.707624 0.853812 0.706002 0.843939 0.71249 0.84339
1 0.777778 0.840373 0.783861 0.839824 0.784672 0.848601 0.778994 0.84915
