0 0.692148 0.192308 0.69163 0.189768 0.700441 0.187591 0.700959 0.190131
0 0.701995 0.189768 0.701736 0.187228 0.707178 0.185414 0.707437 0.187954
0 0.682301 0.194848 0.682042 0.192308 0.688261 0.191219 0.688261 0.193396
0 0.821456 0.0130624 0.823011 0.0123367 0.828712 0.0253991 0.827416 0.0268505
0 0.542628 0.478229 0.543664 0.480406 0.534854 0.488389 0.533817 0.486212
0 0.515678 0.495646 0.5149 0.492743 0.523711 0.487663 0.524488 0.48984
0 0.490542 0.484035 0.489246 0.485123 0.483804 0.474601 0.4851 0.473149
0 0.749158 0.342163 0.749935 0.343977 0.745789 0.347242 0.745012 0.345065
0 0.876393 0.0188679 0.876393 0.021045 0.867323 0.0239478 0.866805 0.0217707
0 0.874838 0.0112482 0.875097 0.0137881 0.865768 0.0166909 0.86525 0.0145138
0 0.93418 0.0809144 0.932625 0.0816401 0.930811 0.0740203 0.932366 0.0736575
0 0.93418 0.0504354 0.935735 0.0493469 0.938326 0.0620464 0.936253 0.0627721
0 0.927701 0.0500726 0.926147 0.0507983 0.922519 0.037373 0.924074 0.0366473
0 0.870692 0.0166909 0.870951 0.0188679 0.866287 0.0206821 0.865768 0.0185051
