0 0.860238 0.582391 0.859697 0.58485 0.848321 0.583866 0.848862 0.580915
0 0.729686 0.659124 0.725894 0.658633 0.727519 0.650271 0.730769 0.650762
0 0.66468 0.636498 0.660888 0.63699 0.660347 0.623709 0.663597 0.623709
0 0.848862 0.502705 0.852113 0.503197 0.851029 0.514019 0.847237 0.514019
0 0.881907 0.575504 0.885157 0.575504 0.884615 0.583374 0.881365 0.583866
0 0.885157 0.57698 0.887866 0.576488 0.888949 0.58485 0.886241 0.58485
0 0.888949 0.57698 0.891658 0.57698 0.892741 0.584358 0.890033 0.584358
0 0.893824 0.577472 0.897075 0.577472 0.898158 0.584358 0.894366 0.58485
0 0.859155 0.585342 0.858613 0.587801 0.846696 0.586818 0.847237 0.584358
0 0.858613 0.557304 0.854821 0.556813 0.855905 0.546483 0.859697 0.546975
0 0.890033 0.596655 0.889491 0.600098 0.871073 0.597639 0.871614 0.594688
0 0.900325 0.588293 0.899783 0.591244 0.887324 0.590261 0.887324 0.587309
0 0.926327 0.556321 0.926869 0.553369 0.94312 0.555337 0.942037 0.55878
0 0.926869 0.580423 0.926869 0.583374 0.909534 0.581407 0.910076 0.577964
0 0.928494 0.575504 0.927952 0.578947 0.908992 0.576488 0.908992 0.573537
0 0.826111 0.413674 0.825569 0.417118 0.813109 0.415642 0.814193 0.412199
0 0.73727 0.661584 0.732936 0.661092 0.736728 0.645844 0.739978 0.645844
0 0.558505 0.530251 0.561755 0.531235 0.56013 0.54058 0.556338 0.540089
0 0.562839 0.531727 0.566631 0.532218 0.565547 0.540089 0.562297 0.540089
0 0.185807 0.841613 0.183099 0.844565 0.175515 0.840138 0.177681 0.837186
0 0.222644 0.699459 0.225352 0.699459 0.223727 0.709788 0.221018 0.709297
0 0.209101 0.857846 0.211268 0.854894 0.22156 0.860305 0.219935 0.863256
0 0.27519 0.823906 0.275731 0.820462 0.287649 0.820462 0.287649 0.823414
0 0.83532 0.405312 0.83532 0.408264 0.826652 0.407772 0.826652 0.40482
