1 0.568137 0.193873 0.568795 0.2 0.54707 0.201751 0.54707 0.195186
1 0.663594 0.317287 0.673469 0.316849 0.674786 0.333917 0.665569 0.334354
0 0.585912 0.584245 0.58657 0.590372 0.562212 0.59256 0.560895 0.586433
0 0.435155 0.60919 0.450955 0.608753 0.453588 0.629322 0.437788 0.630635
1 0.0599078 0.219256 0.0691244 0.222319 0.0585912 0.236761 0.0493746 0.234573
1 0.0710994 0.223632 0.080316 0.225821 0.0717577 0.238512 0.0618828 0.235886
1 0.0836076 0.226258 0.0908492 0.228884 0.0836076 0.241138 0.074391 0.23895
1 0.436471 0.629759 0.427255 0.630635 0.42528 0.61488 0.433838 0.614442
1 0.469388 0.627133 0.458855 0.628446 0.45688 0.611379 0.466096 0.610503
1 0.647136 0.803501 0.646478 0.796499 0.668203 0.796061 0.669519 0.802188
1 0.645161 0.796061 0.643845 0.789934 0.664253 0.787746 0.665569 0.793873
1 0.543779 0.475274 0.552995 0.474836 0.554312 0.489278 0.545095 0.490153
1 0.689269 0.458206 0.697828 0.457768 0.699144 0.472648 0.691244 0.473961
1 0.690586 0.414442 0.682028 0.415755 0.678736 0.400875 0.687294 0.4
1 0.675444 0.379869 0.684661 0.378993 0.685978 0.395186 0.677419 0.396061
1 0.683344 0.376805 0.674128 0.377681 0.672153 0.363239 0.680711 0.362363
