1 0.376796 0.697746 0.379321 0.698302 0.378532 0.7086 0.376006 0.707765
1 0.388635 0.741998 0.385951 0.741163 0.387214 0.730866 0.38974 0.731422
1 0.399053 0.746173 0.396369 0.745616 0.397632 0.734484 0.399842 0.735319
1 0.395264 0.744225 0.392897 0.74339 0.394317 0.732814 0.396685 0.733927
1 0.378216 0.740885 0.375848 0.740885 0.376796 0.729474 0.379006 0.730309
1 0.381531 0.741163 0.379163 0.740607 0.379953 0.730309 0.382636 0.730866
1 0.35959 0.731422 0.36101 0.726412 0.366219 0.731144 0.364799 0.735875
1 0.382163 0.781241 0.379637 0.780685 0.380742 0.770944 0.383268 0.7715
1 0.397316 0.772057 0.400316 0.772613 0.399526 0.784024 0.396212 0.784024
1 0.387687 0.768995 0.390213 0.76983 0.38895 0.780406 0.386267 0.77985
1 0.353591 0.752018 0.355012 0.747286 0.360379 0.752018 0.359274 0.756193
1 0.358327 0.791817 0.355643 0.791261 0.356433 0.781798 0.358958 0.782076
1 0.256827 0.936822 0.25588 0.940718 0.250829 0.936265 0.251776 0.93209
1 0.233938 0.813248 0.236148 0.811021 0.23899 0.820484 0.236938 0.822711
1 0.126283 0.922906 0.128335 0.924576 0.125967 0.934317 0.123757 0.932647
1 0.12281 0.932368 0.120442 0.930699 0.122968 0.921236 0.124862 0.922906
1 0.373954 0.696076 0.376322 0.697467 0.374743 0.707765 0.372218 0.706374
1 0.380268 0.698859 0.38311 0.699416 0.382163 0.710827 0.379163 0.709992
1 0.137806 0.919009 0.136701 0.923462 0.13086 0.919009 0.131807 0.914556
1 0.386582 0.700529 0.389108 0.701364 0.388161 0.710548 0.385793 0.709992
1 0.421152 0.640134 0.423204 0.643752 0.418469 0.652658 0.416575 0.649318
1 0.421626 0.352908 0.420047 0.349569 0.423994 0.343724 0.42573 0.347064
1 0.420679 0.34595 0.419258 0.342611 0.424309 0.336766 0.425572 0.340106
1 0.420047 0.332591 0.418785 0.328973 0.422731 0.322293 0.424309 0.32619
1 0.421942 0.237963 0.419258 0.238798 0.4191 0.227665 0.421626 0.227387
1 0.41247 0.217367 0.410576 0.214584 0.414522 0.207069 0.416417 0.209574
1 0.408366 0.154745 0.406788 0.151406 0.410892 0.143056 0.413102 0.146396
1 0.408208 0.09602 0.40884 0.100473 0.403157 0.102978 0.402368 0.0985249
1 0.395896 0.108544 0.397316 0.112997 0.391634 0.119121 0.389897 0.114946
1 0.384057 0.240189 0.386582 0.239633 0.386898 0.24993 0.384688 0.250487
1 0.385162 0.114389 0.38753 0.112163 0.389582 0.121347 0.387372 0.123295
1 0.4 0.703034 0.402684 0.704147 0.401579 0.715836 0.399053 0.715001
1 0.396369 0.70359 0.399053 0.704147 0.398106 0.714723 0.39558 0.714445
1 0.393212 0.703034 0.395896 0.70359 0.394949 0.714723 0.392107 0.714445
1 0.390055 0.700807 0.392739 0.702199 0.391634 0.713331 0.389108 0.712497
1 0.114286 0.960757 0.113339 0.964653 0.107182 0.9602 0.108287 0.955747
1 0.119495 0.93042 0.117285 0.928472 0.120126 0.918174 0.122336 0.920401
1 0.118232 0.729196 0.118548 0.733649 0.112865 0.735319 0.112549 0.730587
1 0.0972376 0.810465 0.0961326 0.81464 0.0907656 0.810186 0.0920284 0.805733
1 0.0931334 0.797662 0.0945541 0.793766 0.0996054 0.798775 0.0985004 0.802394
1 0.101342 0.793766 0.100079 0.797662 0.0953433 0.792931 0.0964483 0.789034
1 0.103236 0.787643 0.102131 0.791817 0.0962904 0.786529 0.0975533 0.782633
1 0.104341 0.782076 0.103394 0.785973 0.0975533 0.78152 0.0985004 0.777067
1 0.116811 0.797384 0.116654 0.793209 0.122652 0.792931 0.122652 0.797384
1 0.116338 0.791817 0.116022 0.787364 0.122178 0.786251 0.122494 0.790704
1 0.123915 0.797105 0.123599 0.792652 0.129282 0.792096 0.129282 0.795992
1 0.145699 0.806012 0.145856 0.810743 0.140647 0.811578 0.140331 0.807403
1 0.145067 0.793766 0.145225 0.798775 0.140331 0.800445 0.139858 0.795714
1 0.144909 0.781241 0.145067 0.785973 0.139069 0.787643 0.138753 0.782355
1 0.115864 0.769274 0.115391 0.765655 0.120442 0.764264 0.1206 0.76816
1 0.115075 0.763986 0.114601 0.759811 0.1206 0.758141 0.120758 0.762316
1 0.114917 0.757863 0.114601 0.753131 0.120284 0.752018 0.1206 0.756471
1 0.116338 0.77484 0.116022 0.770665 0.121389 0.76983 0.121389 0.773448
1 0.114759 0.751739 0.114444 0.747565 0.119653 0.74673 0.119811 0.750905
1 0.122336 0.774005 0.122178 0.76983 0.128177 0.768717 0.128335 0.77317
1 0.10071 0.818536 0.101973 0.813805 0.107656 0.818814 0.106551 0.822711
1 0.116496 0.927637 0.114444 0.925967 0.116654 0.917896 0.118706 0.919566
1 0.148382 0.857779 0.148698 0.862232 0.143646 0.863902 0.143331 0.859171
1 0.113654 0.926245 0.111287 0.924019 0.114286 0.913164 0.116969 0.915669
1 0.110497 0.924019 0.108445 0.922071 0.111287 0.911773 0.113023 0.913721
1 0.107498 0.921236 0.10513 0.919288 0.108287 0.908155 0.110655 0.910103
1 0.1015 0.915391 0.0992897 0.913721 0.101815 0.904537 0.103867 0.906485
1 0.0955012 0.909825 0.0931334 0.908433 0.0958169 0.897857 0.0980268 0.899805
1 0.107972 0.890064 0.109077 0.885889 0.113812 0.889786 0.112391 0.894239
1 0.113812 0.894239 0.114759 0.889507 0.120442 0.894239 0.119337 0.898692
1 0.109234 0.883941 0.110182 0.879766 0.116022 0.884219 0.115075 0.888951
1 0.139069 0.90732 0.138122 0.911773 0.13307 0.908155 0.134175 0.903702
1 0.141752 0.897579 0.140805 0.901475 0.135596 0.897022 0.136859 0.893126
1 0.11839 0.839688 0.119653 0.8344 0.126914 0.840523 0.125493 0.845255
1 0.119179 0.8344 0.119021 0.829669 0.124704 0.82939 0.124704 0.834122
1 0.11839 0.817144 0.118074 0.8113 0.124546 0.810465 0.124704 0.816031
1 0.0909234 0.861675 0.0918706 0.857222 0.0972376 0.861954 0.0962904 0.86585
1 0.148224 0.875313 0.147277 0.880045 0.141121 0.875591 0.142384 0.87086
1 0.441042 0.636794 0.439463 0.633732 0.44341 0.627053 0.44483 0.629836
1 0.440568 0.630114 0.438674 0.627331 0.442778 0.620373 0.444357 0.623434
1 0.439148 0.60924 0.437569 0.605622 0.441989 0.598942 0.44341 0.601726
1 0.67356 0.936543 0.67577 0.939048 0.671981 0.949068 0.669929 0.946284
1 0.664562 0.937935 0.666772 0.940996 0.662826 0.949346 0.660773 0.946284
1 0.689818 0.978848 0.689661 0.974673 0.695343 0.973003 0.695501 0.977734
1 0.663457 0.983579 0.663141 0.978291 0.668982 0.978013 0.66914 0.982744
1 0.64925 0.985806 0.649092 0.980796 0.655091 0.980239 0.655091 0.984971
1 0.641989 0.986641 0.641831 0.981631 0.647672 0.980796 0.647672 0.985527
1 0.640568 0.940996 0.642936 0.943223 0.639779 0.952964 0.637569 0.950181
1 0.635833 0.941831 0.638358 0.945171 0.633781 0.954912 0.631413 0.951573
1 0.611681 0.946563 0.613733 0.949903 0.609471 0.959087 0.607419 0.956582
1 0.60663 0.946563 0.609155 0.949346 0.605683 0.95853 0.603157 0.955191
1 0.60221 0.947119 0.604262 0.949624 0.600947 0.95853 0.598895 0.956026
1 0.597632 0.947398 0.599842 0.950181 0.596369 0.959644 0.593686 0.956582
1 0.592897 0.947954 0.595107 0.950738 0.590687 0.9602 0.588792 0.957974
1 0.58753 0.949624 0.58974 0.952686 0.58674 0.961035 0.584215 0.958252
1 0.595738 0.993877 0.59558 0.989146 0.601894 0.988589 0.601894 0.993599
1 0.561484 0.97022 0.5618 0.975786 0.555485 0.976621 0.555012 0.971611
1 0.669298 0.9371 0.671192 0.939326 0.667403 0.949346 0.665351 0.946563
1 0.678295 0.936265 0.680505 0.938492 0.676875 0.947954 0.674822 0.945728
1 0.437569 0.588366 0.436148 0.585305 0.439463 0.579182 0.4412 0.582522
1 0.682557 0.935152 0.684767 0.938213 0.681137 0.947676 0.678927 0.944336
1 0.805209 0.87253 0.808366 0.8742 0.806156 0.884498 0.803157 0.883384
1 0.832833 0.896465 0.831255 0.892291 0.83678 0.886724 0.838043 0.890621
1 0.827151 0.900918 0.826204 0.8973 0.830308 0.893126 0.831255 0.897022
1 0.821784 0.905928 0.820521 0.902588 0.824941 0.898135 0.826046 0.902032
1 0.814365 0.913999 0.813102 0.909825 0.817995 0.905093 0.819258 0.908433
1 0.788635 0.907876 0.789897 0.911773 0.784846 0.917061 0.783425 0.913164
1 0.792739 0.934038 0.791634 0.929864 0.797316 0.924297 0.798421 0.928472
1 0.787372 0.938213 0.786267 0.935152 0.790529 0.931255 0.791318 0.934873
1 0.767167 0.952964 0.766219 0.949068 0.771113 0.946006 0.771902 0.950181
1 0.760379 0.957417 0.75959 0.953521 0.765272 0.949624 0.766219 0.954077
1 0.741279 0.966323 0.740805 0.961314 0.746646 0.959922 0.747119 0.964097
1 0.732123 0.946006 0.732439 0.950181 0.726914 0.951016 0.726756 0.946841
1 0.731018 0.927359 0.733228 0.929585 0.730071 0.939048 0.727861 0.936822
1 0.726756 0.92875 0.72865 0.931812 0.72502 0.940996 0.723283 0.93877
1 0.687609 0.934873 0.689661 0.937657 0.685714 0.946563 0.683504 0.94378
1 0.498816 0.980796 0.499763 0.984692 0.493765 0.988589 0.492818 0.984414
1 0.482557 0.980796 0.479874 0.984136 0.476875 0.976343 0.479242 0.973003
1 0.431255 0.861675 0.429203 0.864459 0.426046 0.855274 0.42794 0.852769
1 0.414838 0.838018 0.413418 0.8344 0.4191 0.827999 0.420363 0.832174
1 0.421942 0.758976 0.420521 0.755079 0.424783 0.749791 0.425888 0.753409
1 0.421942 0.752018 0.420363 0.747565 0.425414 0.741998 0.426835 0.746173
1 0.422889 0.74339 0.421152 0.739772 0.425572 0.734762 0.426993 0.73838
1 0.426835 0.725856 0.428256 0.729752 0.42352 0.736154 0.421942 0.731979
1 0.441831 0.737824 0.440253 0.741442 0.435201 0.733927 0.437096 0.730587
1 0.442463 0.731144 0.4412 0.734762 0.435991 0.727526 0.437727 0.723908
1 0.442936 0.724743 0.441358 0.728361 0.437096 0.721403 0.43899 0.718341
1 0.422415 0.729474 0.42131 0.726134 0.426361 0.719454 0.427624 0.723351
1 0.408524 0.726134 0.407735 0.730587 0.40221 0.726134 0.403315 0.721959
1 0.403473 0.706374 0.405683 0.70693 0.404578 0.718063 0.40221 0.717506
1 0.452565 0.696354 0.452723 0.700807 0.44562 0.70192 0.445462 0.697189
1 0.452092 0.689953 0.452249 0.694684 0.446882 0.695241 0.446725 0.690509
1 0.452723 0.677428 0.452723 0.682438 0.446882 0.682995 0.446725 0.678263
1 0.451618 0.672697 0.451618 0.676593 0.446409 0.677428 0.446093 0.673532
1 0.451302 0.666017 0.451776 0.670749 0.445935 0.672975 0.44562 0.668522
1 0.38895 0.748678 0.389424 0.743668 0.394791 0.745616 0.394159 0.750348
1 0.420679 0.767325 0.4191 0.762594 0.424152 0.757306 0.42573 0.761759
1 0.439305 0.767047 0.437885 0.770944 0.433149 0.763986 0.435201 0.760367
1 0.416575 0.807403 0.415312 0.803228 0.420047 0.79794 0.42131 0.801837
1 0.416101 0.830225 0.414838 0.826051 0.419574 0.819928 0.420837 0.824659
1 0.416101 0.822433 0.414838 0.818536 0.419258 0.81297 0.420521 0.816866
1 0.43457 0.825494 0.432676 0.828277 0.428887 0.820206 0.431097 0.817423
1 0.435043 0.817423 0.432991 0.820206 0.43015 0.813248 0.432202 0.811021
1 0.435517 0.811021 0.433623 0.813526 0.430308 0.806847 0.432202 0.804342
1 0.416732 0.815196 0.415312 0.811578 0.420047 0.805177 0.421468 0.809352
1 0.418311 0.798497 0.41689 0.794322 0.421784 0.788756 0.423362 0.793209
1 0.438832 0.774562 0.437096 0.777623 0.432518 0.769552 0.43457 0.76649
1 0.436306 0.803228 0.434728 0.806847 0.430466 0.798775 0.432202 0.795714
1 0.436622 0.795436 0.434728 0.798497 0.430939 0.790704 0.432991 0.787921
1 0.41768 0.791539 0.416732 0.787364 0.422257 0.782076 0.423204 0.786251
1 0.437727 0.788756 0.435833 0.791817 0.432202 0.784303 0.434254 0.781241
1 0.437253 0.780128 0.435675 0.78319 0.431886 0.775953 0.433623 0.77317
1 0.418942 0.782911 0.417837 0.779571 0.422731 0.774005 0.423994 0.777901
1 0.12502 0.727804 0.125335 0.731979 0.119337 0.733927 0.119021 0.729474
1 0.120284 0.739493 0.119811 0.734762 0.125335 0.733649 0.125493 0.738659
1 0.828571 0.889229 0.827309 0.885054 0.833149 0.880045 0.834254 0.884219
0 0.761957 0.895352 0.760695 0.889786 0.766851 0.885333 0.768272 0.890342
0 0.715864 0.933203 0.717758 0.936543 0.714286 0.94378 0.712549 0.940996
0 0.884451 0.714723 0.884451 0.719176 0.877032 0.719454 0.876875 0.714445
0 0.841989 0.614807 0.840095 0.616476 0.836938 0.606179 0.839148 0.60423
0 0.858564 0.580573 0.856669 0.582243 0.852249 0.568884 0.854144 0.567214
0 0.866772 0.615642 0.867561 0.62093 0.856827 0.628166 0.855564 0.622599
0 0.868982 0.611467 0.866772 0.613415 0.862826 0.600056 0.865351 0.597829
0 0.92502 0.736989 0.92644 0.742277 0.91397 0.754523 0.912391 0.748956
0 0.939542 0.793487 0.938279 0.789313 0.943646 0.783746 0.945067 0.787086
0 0.92723 0.804898 0.925967 0.801559 0.929913 0.796827 0.931176 0.800445
0 0.921547 0.810743 0.920284 0.807403 0.92502 0.802394 0.925967 0.805733
0 0.405051 0.655441 0.407103 0.657111 0.404104 0.667965 0.401894 0.665739
0 0.433149 0.844976 0.431255 0.848038 0.427466 0.83941 0.429519 0.836627
1 0.08382 0.888951 0.084925 0.884498 0.0904499 0.889229 0.0893449 0.892847
1 0.0820837 0.871417 0.0811365 0.875591 0.0759274 0.871695 0.0768745 0.86752
1 0.0798737 0.876426 0.0789266 0.880323 0.0729282 0.87587 0.074191 0.871973
1 0.078453 0.881714 0.0775059 0.885611 0.0724546 0.881993 0.0735596 0.877818
1 0.0773481 0.886724 0.0764009 0.891177 0.0704025 0.886724 0.0713496 0.882549
1 0.0764009 0.893404 0.0754538 0.898414 0.0692976 0.893404 0.0704025 0.888394
1 0.0142068 0.904258 0.0162589 0.907041 0.012944 0.916504 0.0105762 0.914278
1 0.00962904 0.917896 0.0119968 0.919844 0.00915549 0.930142 0.00710339 0.928194
1 0.092502 0.907876 0.0901342 0.905928 0.0928177 0.896465 0.0948698 0.898414
1 0.0893449 0.93376 0.0885556 0.937935 0.0825572 0.933482 0.0836622 0.92875
1 0.095659 0.937935 0.0947119 0.942388 0.0893449 0.93877 0.0904499 0.934038
1 0.0378848 0.939883 0.0402526 0.941275 0.0380426 0.949346 0.0359905 0.947954
1 0.0146803 0.969942 0.0124704 0.972725 0.00931334 0.964097 0.0113654 0.96187
0 0.432518 0.853326 0.430308 0.855831 0.426835 0.847481 0.428887 0.84442
0 0.41026 0.180629 0.408366 0.177567 0.413102 0.170053 0.414838 0.173114
1 0.120284 0.744782 0.119968 0.74005 0.125335 0.739493 0.125335 0.743668
0 0.105446 0.682716 0.107498 0.680212 0.111444 0.689118 0.109392 0.692179
0 0.121547 0.756193 0.121389 0.751739 0.127545 0.751461 0.127545 0.756193
0 0.123283 0.786251 0.122652 0.781798 0.12865 0.77985 0.128966 0.784859
0 0.117285 0.722516 0.117601 0.726969 0.110971 0.728917 0.110655 0.724186
0 0.116022 0.799332 0.124388 0.798219 0.124704 0.803785 0.116338 0.805177
0 0.117758 0.821876 0.125967 0.820763 0.126125 0.826886 0.117916 0.828277
0 0.110971 0.873365 0.112391 0.868077 0.119968 0.873922 0.118548 0.879766
0 0.116654 0.851934 0.118074 0.847203 0.12644 0.853604 0.125335 0.858614
1 0.0858721 0.883663 0.0869771 0.87921 0.0923441 0.883941 0.0909234 0.888116
1 0.087135 0.87754 0.0882399 0.873365 0.0936069 0.878375 0.092502 0.882549
1 0.0893449 0.86752 0.0907656 0.86251 0.0958169 0.867242 0.0945541 0.872252
1 0.137648 0.683551 0.137964 0.688004 0.132439 0.689953 0.132123 0.684943
1 0.0985004 0.721403 0.100552 0.719176 0.103867 0.728639 0.101657 0.730866
1 0.095659 0.723629 0.0977111 0.721681 0.100552 0.730866 0.0985004 0.733092
1 0.0932912 0.728639 0.0953433 0.726412 0.0985004 0.734484 0.0961326 0.73671
1 0.131334 0.683273 0.131176 0.678542 0.13749 0.677707 0.137806 0.681881
1 0.136543 0.671862 0.137017 0.675758 0.131334 0.677428 0.131018 0.672697
1 0.113812 0.672419 0.115864 0.669635 0.119179 0.678263 0.117127 0.681046
1 0.115864 0.667409 0.118074 0.663791 0.121389 0.673254 0.119495 0.676037
1 0.119495 0.664904 0.121547 0.663234 0.123599 0.671027 0.121705 0.673254
1 0.120916 0.659059 0.122968 0.655998 0.126598 0.664904 0.124546 0.667687
1 0.120284 0.648483 0.120442 0.652936 0.115075 0.653771 0.114759 0.649318
1 0.118863 0.656554 0.117916 0.661008 0.112076 0.657946 0.112865 0.653771
1 0.115864 0.662121 0.114917 0.667131 0.108445 0.662121 0.109708 0.657668
1 0.11176 0.669635 0.109708 0.673254 0.106235 0.666296 0.108129 0.662956
1 0.104183 0.681881 0.102131 0.684665 0.0980268 0.676315 0.100395 0.673254
1 0.101342 0.6855 0.0996054 0.688283 0.0958169 0.681325 0.0980268 0.677985
1 0.105604 0.710827 0.107182 0.714445 0.103078 0.721124 0.101657 0.71862
1 0.137964 0.689396 0.138279 0.693571 0.132439 0.694962 0.132123 0.690788
1 0.0831886 0.865572 0.0820837 0.869747 0.0767167 0.865572 0.0778216 0.861397
1 0.137964 0.695241 0.137964 0.699694 0.132281 0.701085 0.131965 0.696632
1 0.14412 0.770387 0.144436 0.775118 0.138279 0.776788 0.137964 0.772057
1 0.142226 0.758976 0.142384 0.763429 0.137648 0.765099 0.137174 0.760367
1 0.14191 0.747565 0.142226 0.752574 0.136385 0.754244 0.135596 0.749791
1 0.14191 0.740885 0.142068 0.745616 0.136385 0.747286 0.136069 0.742555
0 0.117127 0.781798 0.116811 0.77651 0.123125 0.77484 0.123441 0.77985
0 0.123283 0.722238 0.123599 0.726412 0.118232 0.727804 0.117916 0.723351
0 0.140331 0.730587 0.140489 0.735319 0.134649 0.735597 0.134491 0.730866
1 0.1397 0.718898 0.140016 0.723629 0.134017 0.725021 0.133544 0.720289
1 0.117285 0.721403 0.117285 0.716671 0.123283 0.716115 0.123441 0.720011
1 0.139384 0.713053 0.139542 0.717228 0.134491 0.718341 0.134175 0.713888
1 0.139069 0.706652 0.139227 0.711105 0.133702 0.712775 0.133228 0.7086
1 0.138595 0.701085 0.138753 0.70526 0.133228 0.707208 0.132755 0.702477
1 0.123441 0.709992 0.123757 0.714723 0.117916 0.715836 0.117601 0.711383
1 0.123757 0.704147 0.124073 0.7086 0.118548 0.709992 0.11839 0.705539
1 0.123915 0.698302 0.124073 0.703034 0.117758 0.704147 0.117443 0.699694
1 0.0975533 0.693849 0.0996054 0.690788 0.103078 0.699416 0.101184 0.70192
1 0.10292 0.6855 0.10513 0.682438 0.109077 0.692736 0.107182 0.695519
1 0.100868 0.689953 0.102605 0.687169 0.106709 0.696632 0.104657 0.699694
1 0.0891871 0.649596 0.0912391 0.646813 0.0948698 0.654884 0.0929755 0.657389
1 0.0839779 0.741163 0.0853986 0.73671 0.0904499 0.741442 0.0893449 0.74506
1 0.0749803 0.736432 0.0740331 0.740328 0.0680347 0.736432 0.0689818 0.731979
1 0.073086 0.780685 0.074191 0.776232 0.0797159 0.78152 0.0787687 0.784859
1 0.0648777 0.78319 0.0639305 0.787364 0.0576164 0.782355 0.0587214 0.77818
1 0.0721389 0.786529 0.0732439 0.782355 0.0789266 0.787086 0.0779795 0.790982
1 0.0710339 0.792374 0.0721389 0.788199 0.0770324 0.792931 0.0757695 0.797105
1 0.0135754 0.815753 0.0127861 0.820206 0.00678769 0.815475 0.00789266 0.811578
1 0.0097869 0.832174 0.00868193 0.83607 0.00347277 0.832452 0.00441989 0.827999
1 0.0659826 0.840802 0.0648777 0.844976 0.0596685 0.840245 0.0609313 0.83607
1 0.0609313 0.83273 0.0620363 0.828834 0.0672455 0.833565 0.0659826 0.836905
1 0.0850829 0.831339 0.0863457 0.827164 0.0909234 0.831895 0.0896606 0.83607
1 0.0906077 0.838297 0.0895028 0.84275 0.0841358 0.838297 0.0852407 0.833844
1 0.0887135 0.843585 0.0874507 0.848316 0.081768 0.843863 0.0831886 0.839132
1 0.08603 0.855274 0.084925 0.859171 0.0792423 0.854996 0.0805051 0.850543
1 0.0846093 0.860006 0.0833465 0.86418 0.0775059 0.859727 0.0787687 0.855552
1 0.0912391 0.7484 0.0899763 0.753131 0.0847672 0.7484 0.0858721 0.744225
1 0.0858721 0.734205 0.0869771 0.730031 0.0917127 0.734484 0.0906077 0.738937
1 0.0809787 0.712218 0.0800316 0.716393 0.0745067 0.711662 0.0756117 0.707208
1 0.0887135 0.703869 0.0869771 0.706095 0.0830308 0.698024 0.0850829 0.695241
1 0.0866614 0.652936 0.0885556 0.650153 0.0915549 0.657668 0.0895028 0.659616
1 0.0825572 0.660173 0.0846093 0.656833 0.0879242 0.665182 0.0855564 0.667687
1 0.079558 0.663791 0.0816101 0.660451 0.0847672 0.667965 0.0828729 0.671027
1 0.0745067 0.67047 0.0764009 0.667965 0.0798737 0.675202 0.0781373 0.677707
1 0.0722968 0.675202 0.0740331 0.67214 0.0776638 0.680212 0.0757695 0.682716
1 0.0906077 0.698302 0.0885556 0.701364 0.0853986 0.694127 0.0874507 0.691623
1 0.0692976 0.679377 0.0711918 0.676315 0.0751381 0.684665 0.0732439 0.687169
1 0.0557222 0.716393 0.056985 0.711662 0.062352 0.71695 0.0610892 0.720846
1 0.0670876 0.682716 0.0689818 0.679933 0.0727703 0.688561 0.0708761 0.690788
1 0.0866614 0.707208 0.0846093 0.709713 0.0805051 0.701642 0.0825572 0.698302
1 0.0609313 0.694962 0.0620363 0.690788 0.066614 0.694962 0.0653512 0.699416
1 0.0647198 0.686335 0.0664562 0.683273 0.0702447 0.691901 0.0680347 0.694406
1 0.0582478 0.705817 0.0593528 0.701364 0.064562 0.705817 0.063457 0.71027
1 0.0571429 0.710827 0.0584057 0.708043 0.0628256 0.713053 0.0617206 0.71528
1 0.813102 0.86418 0.816101 0.865294 0.814207 0.876426 0.811523 0.875035
1 0.83899 0.83941 0.8412 0.840802 0.839463 0.850543 0.837253 0.849151
1 0.843567 0.835792 0.84562 0.836905 0.843094 0.848038 0.840884 0.846368
1 0.835833 0.639855 0.838043 0.641525 0.834254 0.65238 0.832202 0.649875
1 0.851618 0.680212 0.849882 0.677985 0.853039 0.6688 0.854775 0.671027
1 0.850829 0.672419 0.848934 0.669914 0.851776 0.662399 0.853512 0.664626
1 0.848303 0.6688 0.846409 0.666574 0.84925 0.659059 0.851144 0.661008
1 0.846409 0.662956 0.844672 0.660451 0.847514 0.653493 0.84925 0.655441
1 0.845462 0.655998 0.843094 0.653215 0.846093 0.644587 0.847987 0.646813
1 0.842936 0.650988 0.840884 0.648761 0.844199 0.640412 0.845935 0.64236
1 0.841042 0.6457 0.83899 0.643473 0.841989 0.634846 0.843725 0.636515
1 0.814838 0.647092 0.814522 0.641804 0.820679 0.640134 0.821152 0.645422
1 0.813733 0.640412 0.813102 0.635402 0.819416 0.634011 0.819732 0.638742
1 0.81326 0.634289 0.813102 0.629557 0.818942 0.628166 0.819258 0.632619
1 0.823047 0.621486 0.824941 0.61926 0.827466 0.628444 0.825257 0.630392
1 0.825888 0.618425 0.82794 0.616198 0.830624 0.625661 0.828414 0.627609
1 0.828729 0.61425 0.830466 0.612302 0.833307 0.621765 0.830939 0.623434
1 0.870718 0.768995 0.869298 0.76482 0.875138 0.758976 0.876085 0.762872
1 0.870403 0.762037 0.869298 0.758419 0.874191 0.753966 0.875296 0.757863
1 0.853986 0.685778 0.851776 0.682995 0.855249 0.67381 0.857143 0.676315
1 0.838674 0.644587 0.840726 0.646535 0.837727 0.654328 0.835833 0.652101
1 0.87356 0.742833 0.874665 0.738659 0.879084 0.743112 0.877822 0.747286
1 0.840253 0.650988 0.842463 0.653493 0.838674 0.663512 0.836464 0.660729
1 0.815627 0.674645 0.813418 0.676872 0.810576 0.666852 0.813102 0.664626
1 0.807893 0.669914 0.810103 0.667409 0.813102 0.676872 0.810576 0.679377
1 0.802052 0.676037 0.80442 0.673532 0.807419 0.682995 0.805209 0.685778
1 0.800947 0.687169 0.798579 0.689118 0.796369 0.681325 0.798264 0.679377
1 0.79779 0.690788 0.795738 0.693293 0.793212 0.684386 0.79558 0.682438
1 0.785162 0.657111 0.78753 0.655163 0.789897 0.664069 0.787372 0.666017
1 0.788161 0.653215 0.790845 0.651266 0.792581 0.660451 0.790213 0.662677
1 0.794159 0.648761 0.796369 0.647092 0.798421 0.655719 0.795896 0.657668
1 0.796685 0.644587 0.799053 0.642917 0.801579 0.652101 0.799369 0.654328
1 0.802841 0.640412 0.805209 0.637629 0.808051 0.647648 0.805525 0.650153
1 0.805998 0.637072 0.808051 0.635402 0.810103 0.644308 0.807893 0.645978
1 0.828414 0.651545 0.831255 0.64904 0.833465 0.659338 0.830781 0.661008
1 0.847198 0.672975 0.849724 0.676037 0.846251 0.684943 0.843725 0.68216
1 0.845777 0.667409 0.847987 0.669914 0.844672 0.677985 0.842778 0.675202
1 0.842305 0.656554 0.844199 0.658781 0.840884 0.667687 0.83899 0.665182
1 0.872455 0.748121 0.873717 0.752296 0.868193 0.758141 0.866772 0.753688
1 0.919021 0.762037 0.921705 0.762037 0.921389 0.772613 0.918706 0.772892
1 0.943804 0.738102 0.946646 0.738102 0.946488 0.749235 0.943962 0.749513
1 0.951697 0.731979 0.954223 0.732257 0.953749 0.742833 0.951066 0.741998
1 0.955012 0.729474 0.957695 0.729752 0.957537 0.740607 0.954538 0.740607
1 0.958327 0.725856 0.960852 0.725856 0.960852 0.737267 0.958327 0.737267
1 0.962115 0.721124 0.964799 0.720846 0.964799 0.732535 0.962115 0.732535
1 0.977427 0.707765 0.978532 0.711383 0.973796 0.716671 0.972534 0.713053
1 0.995107 0.699137 0.995264 0.704704 0.989108 0.706374 0.988477 0.70192
1 0.968272 0.763986 0.967167 0.759532 0.973007 0.753966 0.97427 0.758141
1 0.924073 0.974951 0.923125 0.971055 0.928177 0.965767 0.92944 0.969385
1 0.896764 0.850543 0.895028 0.852213 0.892344 0.843306 0.894396 0.841358
1 0.899448 0.860562 0.897711 0.862232 0.895028 0.853604 0.896606 0.851656
1 0.894238 0.854161 0.892186 0.856387 0.889503 0.846925 0.891555 0.845255
1 0.853197 0.826607 0.855722 0.826051 0.855564 0.835235 0.853039 0.834957
1 0.861563 0.836905 0.862668 0.840523 0.857774 0.845811 0.856511 0.842193
1 0.849092 0.830782 0.851144 0.831895 0.848777 0.842471 0.846567 0.841358
1 0.855249 0.864737 0.853828 0.860562 0.858879 0.855831 0.859984 0.859449
1 0.947751 0.735319 0.950592 0.735597 0.950276 0.746451 0.947435 0.745895
1 0.940489 0.741998 0.943331 0.742277 0.942699 0.753688 0.940016 0.753688
1 0.92281 0.758697 0.925335 0.758419 0.92502 0.769552 0.922336 0.769274
1 0.937174 0.745338 0.939858 0.745895 0.939069 0.757306 0.936385 0.756749
1 0.885872 0.720846 0.885872 0.724464 0.880189 0.725299 0.880189 0.720846
1 0.882084 0.709157 0.881768 0.713888 0.87577 0.713053 0.87577 0.708322
1 0.876559 0.689674 0.876401 0.694406 0.870245 0.693849 0.870403 0.688561
1 0.867403 0.686056 0.865983 0.689118 0.861405 0.681325 0.863141 0.677985
1 0.87277 0.678263 0.872455 0.68216 0.866772 0.681881 0.86693 0.677985
1 0.87056 0.671584 0.87056 0.676037 0.864562 0.676593 0.86472 0.671584
1 0.868824 0.666296 0.868666 0.67047 0.86251 0.671027 0.86251 0.666296
1 0.866614 0.661008 0.866614 0.665461 0.860616 0.665461 0.860773 0.660729
1 0.865036 0.655441 0.864246 0.659894 0.85809 0.659059 0.858721 0.653493
1 0.863457 0.649318 0.863299 0.653771 0.857301 0.653771 0.857459 0.649318
1 0.862036 0.642638 0.861878 0.647927 0.855564 0.647648 0.855722 0.64236
1 0.894081 0.635959 0.892344 0.639299 0.88824 0.631506 0.890134 0.628444
1 0.926283 0.754801 0.929124 0.754523 0.928966 0.765934 0.926125 0.765934
1 0.929755 0.752018 0.932439 0.751461 0.932439 0.761759 0.92944 0.762037
1 0.932912 0.75007 0.935754 0.749791 0.935754 0.758697 0.933228 0.758976
1 0.813891 0.664626 0.816259 0.662399 0.818785 0.67214 0.816575 0.674089
1 0.825414 0.670192 0.825414 0.665461 0.831097 0.664904 0.830939 0.669914
1 0.826835 0.68216 0.826993 0.67715 0.833623 0.677985 0.833623 0.682438
1 0.829203 0.687169 0.829203 0.682995 0.834728 0.682716 0.834728 0.687448
1 0.856511 0.702199 0.858406 0.704425 0.854933 0.714166 0.852881 0.71194
1 0.854775 0.696354 0.856511 0.698581 0.853512 0.707765 0.851618 0.706095
1 0.866614 0.725021 0.864878 0.722238 0.868508 0.712218 0.870403 0.715001
1 0.864404 0.720568 0.862352 0.718063 0.86614 0.708043 0.867877 0.710827
1 0.862352 0.715558 0.860458 0.71361 0.863931 0.703312 0.865983 0.705817
1 0.860616 0.709157 0.858564 0.707208 0.862194 0.697189 0.864088 0.699416
1 0.858879 0.70359 0.857143 0.701642 0.860142 0.692179 0.862036 0.694406
1 0.856985 0.697467 0.855406 0.694962 0.858406 0.686056 0.8603 0.688561
1 0.834096 0.703869 0.834254 0.699137 0.840726 0.699972 0.840726 0.704147
1 0.832991 0.697746 0.833149 0.693293 0.839148 0.694406 0.83899 0.698581
1 0.831413 0.692736 0.831571 0.688004 0.837411 0.688561 0.837253 0.692736
1 0.854775 0.691344 0.853197 0.689674 0.856354 0.681603 0.857932 0.684386
1 0.853197 0.690231 0.855249 0.693014 0.851934 0.701642 0.849566 0.699137
1 0.85146 0.684943 0.853512 0.687726 0.849724 0.696632 0.847514 0.693293
1 0.849408 0.679377 0.851302 0.681603 0.84783 0.690509 0.84562 0.688283
1 0.858248 0.709157 0.8603 0.711383 0.856511 0.721403 0.854617 0.719176
1 0.8603 0.714166 0.862036 0.716671 0.858248 0.726969 0.856196 0.723908
1 0.837411 0.714166 0.837569 0.709713 0.843883 0.709992 0.843883 0.714445
1 0.838832 0.720011 0.838832 0.71528 0.84483 0.71528 0.844672 0.719733
1 0.850197 0.752296 0.850039 0.748121 0.855249 0.747843 0.855091 0.751739
1 0.847514 0.746173 0.847514 0.74172 0.85367 0.742277 0.853512 0.74673
1 0.84562 0.740885 0.84562 0.736432 0.851144 0.73671 0.850987 0.741163
1 0.843883 0.734762 0.843883 0.731144 0.849408 0.731422 0.84925 0.735597
1 0.842778 0.730309 0.842778 0.725856 0.848461 0.726134 0.848303 0.730031
1 0.8412 0.725021 0.841042 0.721124 0.847356 0.720846 0.847356 0.725299
0 0.11618 0.858892 0.125335 0.866129 0.124073 0.871417 0.114917 0.864737
