0 0.630022 0.645062 0.626004 0.646333 0.61943 0.64016 0.624178 0.63907
0 0.421476 0.135076 0.425858 0.136892 0.418554 0.14252 0.414171 0.141068
0 0.376552 0.365468 0.3813 0.365832 0.38057 0.371823 0.375457 0.37146
0 0.3729 0.550835 0.3813 0.550835 0.384953 0.57244 0.377648 0.572803
1 0.228999 0.960421 0.231556 0.958606 0.239226 0.961147 0.236304 0.963145
1 0.0653762 0.404866 0.0598977 0.404321 0.06355 0.39833 0.068298 0.398874
1 0.0562454 0.423021 0.0504018 0.422295 0.0540541 0.416485 0.0591673 0.41703
1 0.0474799 0.437001 0.0430972 0.436275 0.0467495 0.431191 0.0504018 0.431554
1 0.0211833 0.429375 0.0262966 0.430283 0.0211833 0.436638 0.0157049 0.43573
1 0.0200877 0.825163 0.0164354 0.823893 0.0226443 0.818627 0.027027 0.819717
1 0.138422 0.789579 0.134405 0.787945 0.143535 0.784314 0.147188 0.786129
1 0.0858291 0.785403 0.082542 0.783406 0.0909423 0.78032 0.0938641 0.782317
1 0.0916728 0.769245 0.0942294 0.77106 0.0861943 0.774147 0.0832725 0.772331
1 0.112856 0.780864 0.109934 0.779049 0.120526 0.775236 0.123448 0.777052
1 0.132213 0.753994 0.1355 0.756173 0.125274 0.759985 0.122352 0.758351
1 0.15011 0.762164 0.147553 0.760167 0.158145 0.756354 0.160701 0.757988
1 0.115778 0.810639 0.112126 0.808824 0.120891 0.805011 0.124178 0.806826
1 0.0971512 0.810639 0.0938641 0.809005 0.100804 0.805556 0.104456 0.807371
1 0.164719 0.134168 0.160701 0.133442 0.165084 0.127269 0.169467 0.128177
1 0.177867 0.113108 0.172754 0.1122 0.177502 0.106028 0.18225 0.107117
1 0.181519 0.106209 0.176771 0.105483 0.181519 0.0993101 0.186267 0.100036
1 0.165814 0.0936819 0.170562 0.0945897 0.166545 0.0998548 0.161797 0.098947
1 0.192841 0.0884168 0.188459 0.0876906 0.192111 0.0826071 0.196129 0.0835149
1 0.17531 0.0780683 0.180058 0.0787945 0.174215 0.0849673 0.170197 0.0840595
1 0.197224 0.0816993 0.192841 0.0807916 0.196859 0.0755265 0.201242 0.0762527
1 0.168736 0.0615468 0.170197 0.0593682 0.178598 0.0610022 0.176771 0.0629993
1 0.204529 0.068809 0.200511 0.0679012 0.204894 0.0633624 0.208546 0.0640886
1 0.195398 0.0448439 0.200146 0.0453885 0.196859 0.0499274 0.192476 0.0492012
1 0.197589 0.0363108 0.202337 0.0363108 0.202337 0.0432099 0.196859 0.0428468
1 0.219869 0.0295933 0.214755 0.0292302 0.216216 0.023602 0.221329 0.0239651
1 0.196494 0.0177923 0.201972 0.0174292 0.201972 0.0234205 0.196494 0.0237836
1 0.188459 0.748548 0.185537 0.74655 0.196494 0.742375 0.199416 0.744372
1 0.23886 0.767792 0.242513 0.769608 0.233747 0.773965 0.22973 0.772331
1 0.269175 0.810276 0.266253 0.812273 0.256026 0.807553 0.259313 0.805556
1 0.0452885 0.395425 0.0500365 0.396514 0.0452885 0.403232 0.0405405 0.402324
1 0.0741417 0.357298 0.068298 0.357298 0.0697589 0.350944 0.0752374 0.351126
1 0.0577064 0.323529 0.0631848 0.323893 0.0620891 0.330247 0.0566107 0.330065
1 0.124178 0.160312 0.129291 0.16122 0.124909 0.167393 0.119795 0.166848
1 0.466399 0.094045 0.460555 0.0942266 0.460555 0.087146 0.466399 0.087146
1 0.509131 0.12146 0.504383 0.12146 0.504383 0.115287 0.509496 0.115287
1 0.501096 0.0944081 0.501096 0.097313 0.487947 0.0965868 0.487947 0.094045
1 0.486121 0.101489 0.486121 0.104394 0.474434 0.104212 0.474799 0.101489
1 0.152666 0.116013 0.157414 0.117102 0.152301 0.122731 0.147918 0.121641
1 0.147918 0.122549 0.152666 0.123275 0.147918 0.129267 0.143901 0.128359
1 0.154858 0.151053 0.15011 0.150145 0.154858 0.143972 0.159606 0.144699
1 0.15011 0.157589 0.146457 0.156863 0.151205 0.150871 0.155223 0.151779
1 0.149379 0.186638 0.146822 0.188635 0.138057 0.186456 0.140614 0.184096
1 0.139518 0.135984 0.144631 0.136892 0.140248 0.14252 0.1355 0.141612
1 0.133674 0.145243 0.138787 0.145969 0.1355 0.151598 0.130387 0.150871
1 0.101169 0.197712 0.106282 0.19862 0.102264 0.204248 0.096786 0.203341
1 0.0598977 0.309187 0.0657414 0.30955 0.0642805 0.315359 0.0584368 0.315359
1 0.092038 0.220225 0.0869248 0.219317 0.0924032 0.212418 0.096786 0.213326
1 0.0829072 0.225672 0.0880205 0.22658 0.0836377 0.232752 0.0781592 0.231663
1 0.0956903 0.240559 0.0913075 0.240196 0.0945946 0.234931 0.0986121 0.235657
1 0.0788897 0.233297 0.0836377 0.234023 0.0796202 0.240015 0.0748722 0.239107
1 0.0942294 0.249637 0.0891161 0.249637 0.0898466 0.243464 0.0949598 0.243646
1 0.0704894 0.252179 0.0752374 0.25236 0.0745069 0.257988 0.0690285 0.257807
1 0.0905771 0.264524 0.0850986 0.264161 0.0869248 0.25817 0.0924032 0.258351
1 0.0679328 0.268882 0.0723156 0.269063 0.0712199 0.273965 0.0657414 0.273784
1 0.0865595 0.285766 0.0818115 0.285403 0.0843682 0.279593 0.0894814 0.28032
1 0.0840029 0.295025 0.0781592 0.294481 0.0810811 0.288126 0.0865595 0.288671
1 0.0642805 0.283769 0.0690285 0.283769 0.0686633 0.290305 0.0624543 0.290123
1 0.0821768 0.302288 0.0774288 0.302106 0.0785245 0.296115 0.0840029 0.296115
1 0.0814463 0.309368 0.0763331 0.309187 0.0781592 0.303558 0.0832725 0.30374
1 0.237034 0.861111 0.233747 0.862745 0.226077 0.858932 0.228999 0.857298
1 0.291819 0.793028 0.295471 0.795025 0.287801 0.799746 0.283419 0.797567
1 0.360117 0.368736 0.36523 0.368918 0.3645 0.373638 0.359021 0.373457
1 0.536523 0.642702 0.531775 0.643609 0.527757 0.637255 0.53214 0.636529
1 0.606647 0.617284 0.608839 0.619826 0.599343 0.622004 0.596786 0.619463
1 0.523009 0.353304 0.524105 0.350581 0.535062 0.351126 0.534332 0.353667
1 0.567933 0.290668 0.569394 0.288126 0.582177 0.291031 0.579985 0.29321
1 0.610665 0.293755 0.612126 0.295933 0.601899 0.298475 0.599708 0.296115
1 0.55588 0.263798 0.552228 0.262346 0.560628 0.257988 0.56355 0.259441
1 0.567202 0.256536 0.563915 0.254902 0.570489 0.251089 0.573776 0.252905
1 0.663258 0.250908 0.668371 0.251997 0.663988 0.257444 0.65851 0.256354
1 0.574872 0.251997 0.570489 0.250363 0.57889 0.244916 0.582177 0.246187
1 0.593864 0.236928 0.590212 0.23602 0.596056 0.2313 0.599343 0.232389
1 0.582907 0.235476 0.57962 0.234205 0.58656 0.229303 0.589116 0.230574
1 0.608839 0.222948 0.604821 0.221678 0.611395 0.216412 0.614682 0.217683
1 0.623448 0.208787 0.619795 0.207516 0.625274 0.202433 0.629291 0.203704
1 0.649014 0.151598 0.653397 0.152687 0.649014 0.156681 0.644631 0.15541
1 0.655223 0.146696 0.658875 0.147967 0.653762 0.152324 0.649744 0.151053
1 0.660701 0.00835149 0.665814 0.00816993 0.665814 0.0147059 0.660336 0.015069
1 0.626004 0.172658 0.630387 0.173566 0.625639 0.178286 0.621256 0.177015
1 0.644266 0.181736 0.639153 0.180102 0.646457 0.174473 0.65084 0.175926
1 0.662893 0.172658 0.65924 0.171387 0.665814 0.166122 0.669832 0.167574
1 0.68298 0.120915 0.687363 0.122004 0.681519 0.127088 0.677502 0.125817
1 0.714025 0.119644 0.710373 0.118918 0.71439 0.11329 0.718773 0.114198
1 0.716947 0.0967683 0.711833 0.0965868 0.713294 0.0909586 0.718773 0.0915033
1 0.68992 0.0668119 0.695398 0.0660857 0.69832 0.0724401 0.693207 0.0733479
1 0.715486 0.0675381 0.710007 0.0680828 0.707451 0.0622731 0.712929 0.0619099
1 0.681519 0.0530138 0.686998 0.0522876 0.69065 0.0577342 0.684806 0.058642
1 0.677137 0.0453885 0.68225 0.0444808 0.685172 0.0499274 0.680058 0.0510167
1 0.711468 0.0464779 0.70672 0.0473856 0.703433 0.043573 0.708546 0.0426652
1 0.673119 0.0395788 0.677502 0.038671 0.681519 0.0441176 0.676406 0.0446623
1 0.548576 0.693355 0.547115 0.695352 0.536888 0.693537 0.538349 0.691358
1 0.517896 0.684641 0.518627 0.686819 0.506574 0.688272 0.505844 0.685911
1 0.462747 0.696623 0.458729 0.694808 0.46786 0.690269 0.471512 0.692084
1 0.411249 0.59931 0.406136 0.599855 0.403944 0.593863 0.409423 0.593137
1 0.374361 0.510712 0.379474 0.511801 0.374726 0.517066 0.369978 0.515977
1 0.364134 0.527415 0.369978 0.527959 0.366691 0.534495 0.361213 0.533769
1 0.359386 0.536855 0.364865 0.536129 0.366691 0.542121 0.361213 0.542665
1 0.363039 0.551743 0.368882 0.55138 0.370709 0.557553 0.364865 0.558097
1 0.368517 0.571169 0.373996 0.570988 0.375822 0.576797 0.369978 0.577342
1 0.378013 0.597313 0.383857 0.59695 0.386048 0.602578 0.380205 0.602941
1 0.376187 0.591503 0.380935 0.591322 0.382761 0.596587 0.378013 0.596768
1 0.374726 0.585875 0.379474 0.585512 0.38057 0.590777 0.375457 0.591322
1 0.292184 0.830792 0.287071 0.830973 0.285975 0.824982 0.290358 0.824619
1 0.302776 0.795933 0.299123 0.793936 0.306793 0.790123 0.310446 0.792121
1 0.366326 0.737836 0.363039 0.736202 0.370709 0.732389 0.37363 0.734205
1 0.278305 0.698983 0.280862 0.701344 0.271731 0.704611 0.268809 0.702433
1 0.394449 0.627996 0.399927 0.628359 0.398101 0.63435 0.392622 0.633987
1 0.386779 0.595316 0.392257 0.594771 0.393353 0.599492 0.387874 0.599855
1 0.397005 0.703885 0.393353 0.705519 0.384222 0.701344 0.387509 0.699528
1 0.403944 0.579884 0.398831 0.580247 0.39737 0.574256 0.402849 0.573893
1 0.401388 0.52215 0.397005 0.52106 0.402118 0.515795 0.407232 0.516885
1 0.397736 0.529049 0.392622 0.528141 0.39664 0.522331 0.401753 0.523239
1 0.516801 0.489833 0.514609 0.49183 0.504383 0.489288 0.507305 0.486747
1 0.398466 0.480392 0.402849 0.4813 0.398101 0.486747 0.393718 0.485476
1 0.407232 0.444626 0.41271 0.4439 0.415267 0.449528 0.410519 0.449891
1 0.395909 0.429194 0.401023 0.428105 0.405405 0.434096 0.400292 0.434822
1 0.385683 0.414306 0.391527 0.413036 0.395179 0.418845 0.389335 0.419572
1 0.3813 0.407044 0.385683 0.406318 0.389335 0.411402 0.384222 0.412309
1 0.408692 0.399964 0.403579 0.40069 0.400292 0.395062 0.405405 0.394336
1 0.462381 0.309913 0.459094 0.308097 0.466764 0.303922 0.470782 0.305556
1 0.416362 0.317175 0.419649 0.318991 0.41198 0.323166 0.407597 0.321714
1 0.457999 0.294844 0.461286 0.296115 0.453981 0.30029 0.450329 0.298475
0 0.136231 0.182462 0.129657 0.181373 0.137327 0.172113 0.143901 0.173203
