0 0.823919 0.461733 0.828499 0.464676 0.80916 0.484441 0.805089 0.481918
0 0.789313 0.467199 0.792875 0.469722 0.774555 0.486964 0.770483 0.48402
0 0.695165 0.0454163 0.690076 0.0454163 0.688041 0.0306981 0.692621 0.0302775
0 0.708906 0.0420521 0.703817 0.0433137 0.699746 0.0281749 0.703817 0.0273339
0 0.713995 0.0391085 0.709924 0.0399495 0.705852 0.0256518 0.709924 0.0252313
0 0.755216 0.0462574 0.754707 0.0420521 0.777608 0.038688 0.778117 0.0424727
0 0.763868 0.466779 0.766412 0.468461 0.757252 0.483179 0.753181 0.481497
0 0.867176 0.150967 0.871756 0.151808 0.869211 0.168209 0.864631 0.167368
0 0.861069 0.203953 0.855471 0.204373 0.851908 0.173255 0.856489 0.172834
0 0.884478 0.12868 0.880407 0.126156 0.895674 0.108495 0.899746 0.110597
0 0.849364 0.132885 0.844275 0.135408 0.825954 0.108915 0.830534 0.106392
0 0.901781 0.0849453 0.899237 0.0807401 0.931298 0.0672834 0.933842 0.0719092
0 0.873791 0.109756 0.870229 0.107233 0.894148 0.0862069 0.89771 0.08873
0 0.90687 0.240118 0.91145 0.239697 0.916539 0.264087 0.91145 0.264508
0 0.864631 0.248949 0.870229 0.248528 0.876845 0.280067 0.871756 0.280067
0 0.883969 0.315391 0.879389 0.316232 0.875318 0.291842 0.880407 0.291001
0 0.804071 0.457527 0.801018 0.454584 0.820865 0.438604 0.823919 0.441968
0 0.925191 0.373003 0.929771 0.375105 0.918575 0.39529 0.913995 0.393608
0 0.883461 0.358705 0.889059 0.359966 0.882952 0.381833 0.877354 0.380992
0 0.876336 0.386459 0.880916 0.388562 0.866667 0.409588 0.862595 0.407065
0 0.840712 0.423465 0.859542 0.414634 0.861069 0.417998 0.843257 0.42725
0 0.733842 0.453322 0.756743 0.449537 0.757252 0.453322 0.73486 0.457107
0 0.785751 0.654331 0.790331 0.65349 0.796947 0.674937 0.791858 0.676198
0 0.732316 0.447855 0.752163 0.444491 0.753181 0.448276 0.733333 0.452481
0 0.734351 0.439445 0.757761 0.43524 0.75827 0.439445 0.735369 0.442809
0 0.731807 0.434819 0.751654 0.431455 0.751654 0.434819 0.732316 0.438183
0 0.727735 0.429773 0.748601 0.426829 0.748601 0.430614 0.728244 0.433558
0 0.727226 0.420101 0.747074 0.417157 0.748092 0.421362 0.728244 0.424727
0 0.723664 0.414634 0.748601 0.410849 0.749109 0.414634 0.7257 0.418839
0 0.743511 0.40286 0.761323 0.399916 0.76285 0.403701 0.744529 0.406644
0 0.764885 0.39529 0.783715 0.391926 0.784224 0.39529 0.765903 0.398654
0 0.781679 0.397393 0.799491 0.39487 0.800509 0.398654 0.782697 0.401598
0 0.787277 0.45122 0.783206 0.448696 0.796947 0.436081 0.801018 0.437763
0 0.740967 0.610177 0.736387 0.609756 0.735878 0.586207 0.740458 0.585786
0 0.755725 0.517241 0.751654 0.515139 0.765903 0.496215 0.770483 0.498318
0 0.741985 0.547098 0.737405 0.544996 0.746056 0.524811 0.751654 0.526072
0 0.819338 0.759041 0.824427 0.7582 0.829008 0.778806 0.824936 0.780067
