0 0.258577 0.976788 0.259334 0.974125 0.266398 0.979072 0.265893 0.981735
0 0.205853 0.942161 0.206357 0.939117 0.214178 0.944444 0.213421 0.947489
0 0.200807 0.957382 0.199798 0.960046 0.192482 0.955099 0.193239 0.952435
0 0.364783 0.760654 0.36554 0.757991 0.371847 0.76446 0.370838 0.766743
0 0.361504 0.702435 0.362765 0.700152 0.369072 0.707763 0.36781 0.709665
0 0.2611 0.935693 0.261604 0.933029 0.270686 0.939498 0.270182 0.942161
0 0.250505 0.925038 0.251261 0.922755 0.258325 0.926941 0.257568 0.929604
0 0.249748 0.927702 0.250252 0.925799 0.257064 0.930365 0.256054 0.931887
0 0.265136 0.811263 0.266398 0.812405 0.261352 0.820776 0.260091 0.819635
0 0.226287 0.940259 0.235116 0.943303 0.234864 0.945586 0.226034 0.942922
0 0.246468 0.841324 0.24773 0.842846 0.242936 0.852359 0.241927 0.850837
0 0.300202 0.710046 0.301463 0.711568 0.297427 0.7207 0.296165 0.718417
0 0.290868 0.734399 0.289354 0.732877 0.293895 0.722983 0.295156 0.724886
0 0.273966 0.769026 0.272704 0.767504 0.277245 0.757991 0.278254 0.759132
0 0.212159 0.904871 0.210898 0.903729 0.215187 0.894216 0.216196 0.895358
0 0.243189 0.832953 0.241927 0.831811 0.246216 0.822298 0.247477 0.82382
0 0.250505 0.818113 0.249243 0.816591 0.253784 0.807078 0.255045 0.80898
