0 0.679238 0.039367 0.691291 0.0501737 0.688958 0.0532613 0.676516 0.0428406
0 0.692846 0.0185257 0.696345 0.015824 0.706843 0.0289464 0.703344 0.031648
0 0.676905 0.0439985 0.687792 0.0536472 0.684681 0.0567349 0.674184 0.0470861
0 0.664075 0.0594365 0.675739 0.071401 0.673017 0.0741027 0.661353 0.063296
0 0.657465 0.0679274 0.668351 0.0783481 0.66563 0.0814357 0.654743 0.0706291
0 0.651633 0.0760324 0.654355 0.0733308 0.664075 0.0822076 0.660575 0.0852953
0 0.716174 0.000385951 0.718507 0.00270166 0.708398 0.0138942 0.706065 0.0111926
0 0.732115 0.0146662 0.734837 0.0173678 0.724339 0.0297183 0.721229 0.0262447
0 0.721229 0.00463142 0.723561 0.00733308 0.712675 0.0189116 0.709953 0.01621
0 0.686236 0.0883829 0.696734 0.0972597 0.694401 0.0999614 0.684292 0.0914705
0 0.683515 0.0930143 0.694012 0.102277 0.692068 0.104593 0.681182 0.0961019
