0 0.167368 0.722982 0.173978 0.721029 0.174579 0.722982 0.168269 0.72526
0 0.259014 0.803711 0.257512 0.803385 0.259315 0.796224 0.261118 0.796875
0 0.257812 0.775065 0.259615 0.77474 0.260216 0.78125 0.258413 0.78125
0 0.390625 0.624349 0.395733 0.620117 0.396935 0.62207 0.391827 0.625977
0 0.473858 0.633789 0.478365 0.629232 0.479567 0.630859 0.47506 0.635091
0 0.515325 0.659505 0.519832 0.654948 0.521034 0.65625 0.516526 0.660482
0 0.52494 0.646484 0.53125 0.648763 0.530649 0.650391 0.524639 0.648112
0 0.478065 0.429688 0.479267 0.428385 0.483173 0.432617 0.482272 0.433919
0 0.443209 0.475586 0.441707 0.476888 0.438101 0.472005 0.439603 0.470703
0 0.46905 0.828125 0.467849 0.826172 0.472656 0.822917 0.473858 0.824544
0 0.475962 0.821615 0.475962 0.819336 0.48137 0.819661 0.48137 0.82194
0 0.483774 0.824219 0.484976 0.822917 0.488882 0.827474 0.48738 0.829102
0 0.488882 0.830078 0.490385 0.828451 0.493389 0.832357 0.492188 0.833984
0 0.955829 0.284505 0.95643 0.286133 0.951022 0.289714 0.95012 0.288411
0 0.978065 0.390951 0.979868 0.391927 0.977163 0.397786 0.975361 0.396484
0 0.967248 0.397461 0.973558 0.39388 0.974159 0.395833 0.968149 0.398763
0 0.973858 0.382812 0.975661 0.382161 0.978065 0.388672 0.976562 0.389648
0 0.865986 0.195964 0.867488 0.194987 0.870493 0.200846 0.869291 0.201823
0 0.869591 0.203125 0.871094 0.202148 0.874399 0.207682 0.872897 0.208984
0 0.981971 0.25 0.982572 0.251302 0.979267 0.253906 0.978365 0.252279
0 0.49399 0.835938 0.495493 0.83431 0.498498 0.838216 0.497296 0.839518
0 0.967248 0.377604 0.96875 0.375977 0.972055 0.381185 0.970553 0.382161
0 0.960036 0.372721 0.958834 0.373698 0.955529 0.368164 0.956731 0.367188
0 0.957933 0.391602 0.956731 0.390299 0.961538 0.385742 0.96274 0.387044
0 0.819111 0.114583 0.820012 0.11556 0.816707 0.120117 0.815505 0.119141
0 0.815805 0.101888 0.817308 0.101237 0.819411 0.107747 0.817608 0.108724
0 0.835938 0.144206 0.83744 0.143555 0.839243 0.148763 0.83774 0.14974
0 0.826623 0.135091 0.827825 0.134115 0.829928 0.140625 0.828726 0.141276
0 0.829026 0.14388 0.830529 0.143229 0.832933 0.148763 0.831731 0.14974
0 0.808594 0.0843099 0.810096 0.0839844 0.811599 0.0898438 0.809796 0.0904948
0 0.805889 0.0839844 0.807692 0.0833333 0.809495 0.0895182 0.807993 0.0904948
0 0.804988 0.0869141 0.80649 0.0865885 0.807392 0.0904948 0.805889 0.0911458
0 0.802584 0.085612 0.804387 0.0852865 0.805288 0.0914714 0.803786 0.0917969
0 0.819111 0.0970052 0.817608 0.0976562 0.815805 0.0917969 0.817007 0.0914714
0 0.801382 0.0117188 0.79988 0.0120443 0.799279 0.00455729 0.800481 0.00423177
0 0.635817 0.420573 0.641226 0.416016 0.642127 0.417969 0.637019 0.421875
0 0.4997 0.842773 0.501202 0.841146 0.504507 0.845378 0.503305 0.84668
