0 0.50391 0.351704 0.504477 0.349867 0.509464 0.354358 0.509011 0.356399
0 0.524425 0.381506 0.524085 0.383344 0.519778 0.379465 0.520118 0.377424
0 0.538252 0.592774 0.539272 0.591549 0.541652 0.59951 0.540746 0.600327
0 0.531339 0.81384 0.530318 0.815268 0.527825 0.809349 0.528618 0.80792
0 0.519098 0.724638 0.520231 0.723413 0.522271 0.731578 0.521138 0.732598
0 0.523971 0.713003 0.523178 0.714227 0.521818 0.710145 0.522725 0.709328
0 0.522498 0.704634 0.521705 0.705654 0.520458 0.702184 0.521251 0.701164
0 0.514451 0.702184 0.515471 0.701368 0.517058 0.709737 0.516038 0.710553
0 0.519665 0.722801 0.520005 0.721168 0.522158 0.722801 0.521818 0.724842
0 0.523178 0.721168 0.522498 0.719739 0.524651 0.716269 0.525332 0.717697
0 0.503004 0.354358 0.503457 0.352317 0.509124 0.357216 0.508557 0.359461
0 0.501643 0.344968 0.50221 0.342723 0.507537 0.347622 0.50697 0.349459
0 0.507877 0.332517 0.508784 0.333333 0.50731 0.339865 0.506177 0.339049
0 0.50459 0.363748 0.504137 0.365585 0.498357 0.361094 0.49881 0.359257
0 0.476709 0.41784 0.477955 0.417024 0.479542 0.42723 0.478409 0.428047
0 0.49405 0.363748 0.493483 0.365789 0.487589 0.360482 0.488156 0.35844
0 0.496656 0.358032 0.496203 0.359869 0.490876 0.355379 0.491443 0.353337
0 0.489629 0.351296 0.489063 0.353337 0.483509 0.348643 0.484076 0.346397
0 0.49269 0.318841 0.49371 0.319657 0.49235 0.326189 0.491216 0.325168
0 0.509577 0.360278 0.510031 0.358236 0.515131 0.362727 0.514678 0.364564
0 0.510484 0.35742 0.511051 0.355583 0.516491 0.360278 0.516038 0.362319
0 0.515244 0.35497 0.515584 0.353542 0.517171 0.355175 0.516831 0.356399
0 0.553553 0.400694 0.55412 0.398857 0.557747 0.402531 0.557293 0.404368
0 0.605236 0.370484 0.605803 0.368443 0.610563 0.372525 0.610223 0.374362
0 0.603763 0.374566 0.604216 0.372729 0.608863 0.376812 0.60841 0.378853
0 0.594922 0.360686 0.595376 0.358849 0.600249 0.362931 0.599683 0.364768
0 0.586762 0.356195 0.586875 0.35395 0.592429 0.355379 0.592316 0.35742
0 0.564547 0.410492 0.565114 0.408859 0.570441 0.414574 0.569874 0.416412
0 0.558087 0.405185 0.558427 0.402939 0.564207 0.407634 0.563867 0.40988
0 0.54936 0.393141 0.549926 0.3911 0.55514 0.396203 0.554573 0.39804
0 0.515471 0.365789 0.515924 0.363748 0.521705 0.368647 0.521365 0.370688
0 0.500057 0.392121 0.50085 0.39355 0.498357 0.397428 0.49779 0.396203
0 0.540632 0.384568 0.541086 0.382731 0.546073 0.387018 0.545619 0.389263
0 0.538932 0.386201 0.539499 0.38416 0.543126 0.38763 0.542559 0.389671
0 0.531225 0.379261 0.531792 0.377424 0.537686 0.382527 0.537119 0.384772
0 0.517398 0.363544 0.517851 0.361502 0.523518 0.366401 0.523065 0.368647
0 0.522158 0.371096 0.522611 0.369055 0.527598 0.37375 0.527032 0.375587
0 0.477615 0.323535 0.478182 0.321494 0.483509 0.326801 0.482942 0.328434
0 0.477275 0.327822 0.477842 0.325985 0.483509 0.33068 0.482942 0.332925
0 0.473308 0.3317 0.473762 0.329863 0.479202 0.333946 0.478862 0.335783
0 0.412445 0.342111 0.413465 0.340886 0.415505 0.347214 0.414598 0.348438
0 0.400884 0.306797 0.401904 0.305981 0.404171 0.313125 0.403264 0.314146
0 0.396804 0.294958 0.397937 0.294142 0.401224 0.30394 0.400204 0.30496
0 0.394197 0.286589 0.395104 0.285773 0.397371 0.292509 0.396577 0.293733
0 0.389323 0.2723 0.39023 0.27128 0.392724 0.278016 0.391704 0.279037
0 0.38887 0.265156 0.38989 0.264136 0.39193 0.27128 0.391137 0.272096
0 0.385583 0.260665 0.386603 0.259849 0.390003 0.269851 0.38921 0.271076
0 0.39193 0.273321 0.392837 0.2723 0.395104 0.279241 0.394197 0.280465
0 0.439193 0.293121 0.440326 0.2921 0.443727 0.301286 0.442707 0.302307
0 0.452114 0.313533 0.451207 0.314962 0.448714 0.309451 0.449507 0.307818
0 0.471042 0.326597 0.471495 0.32476 0.477049 0.329251 0.476595 0.331088
0 0.44248 0.278628 0.441233 0.280261 0.436926 0.27128 0.437833 0.269647
0 0.470475 0.322515 0.470928 0.320474 0.476595 0.325373 0.476029 0.32721
0 0.468775 0.328843 0.469001 0.327414 0.472742 0.330067 0.472402 0.331904
0 0.482602 0.350684 0.482149 0.352725 0.476482 0.347418 0.477162 0.345172
0 0.471495 0.426618 0.470588 0.427638 0.467075 0.417636 0.468208 0.416412
0 0.472742 0.422739 0.471722 0.424372 0.468208 0.414779 0.469115 0.413554
0 0.478975 0.44111 0.480222 0.440702 0.481922 0.451112 0.480902 0.451725
0 0.464808 0.39457 0.465601 0.393141 0.468775 0.397836 0.467868 0.399265
0 0.462541 0.395387 0.461974 0.397224 0.458574 0.392121 0.459254 0.39008
0 0.466961 0.408247 0.466055 0.409063 0.462654 0.399265 0.463788 0.39804
0 0.458121 0.323331 0.457554 0.325168 0.45234 0.31782 0.453247 0.315779
0 0.455627 0.384977 0.456081 0.386814 0.45132 0.392121 0.450527 0.390284
0 0.435793 0.408042 0.434886 0.409063 0.432506 0.401919 0.433413 0.400898
0 0.432166 0.392121 0.431033 0.39355 0.428312 0.38416 0.429332 0.382935
0 0.463108 0.343335 0.464128 0.34456 0.460841 0.352929 0.459708 0.351909
0 0.458007 0.350071 0.459141 0.351092 0.457327 0.357216 0.456194 0.355991
0 0.456534 0.336395 0.455741 0.33415 0.460954 0.327618 0.461634 0.329659
0 0.452227 0.355991 0.450867 0.355175 0.453134 0.343948 0.454267 0.344764
0 0.441573 0.345172 0.442253 0.346805 0.437493 0.352929 0.4367 0.351092
0 0.570214 0.41682 0.570781 0.414983 0.575541 0.42029 0.574861 0.422127
0 0.576335 0.424168 0.577015 0.422535 0.582455 0.428863 0.581775 0.4307
0 0.582682 0.431925 0.583248 0.430292 0.588802 0.435599 0.588235 0.437436
0 0.785674 0.757297 0.786921 0.756481 0.788394 0.763625 0.787374 0.764442
0 0.78216 0.719126 0.783294 0.71831 0.78556 0.729128 0.7842 0.729945
0 0.806528 0.68912 0.806528 0.691366 0.800181 0.690141 0.800295 0.687895
0 0.801881 0.69157 0.802108 0.694019 0.795761 0.696673 0.795534 0.694223
0 0.811742 0.716473 0.810495 0.717289 0.809022 0.705858 0.810155 0.705246
0 0.783067 0.73913 0.781934 0.739743 0.780233 0.72872 0.78114 0.727904
0 0.783634 0.746479 0.784767 0.745662 0.786581 0.754236 0.785447 0.75546
0 0.790434 0.761176 0.791794 0.760155 0.793948 0.770974 0.792814 0.77179
0 0.816842 0.743825 0.815596 0.744846 0.813102 0.734027 0.814349 0.733007
0 0.825456 0.786895 0.824436 0.787712 0.821829 0.777097 0.822963 0.776485
0 0.795648 0.787099 0.796894 0.786487 0.798255 0.793631 0.797008 0.794448
0 0.83271 0.81731 0.833957 0.816697 0.834863 0.822004 0.83373 0.822821
0 0.800975 0.812411 0.802221 0.811798 0.804375 0.822821 0.803242 0.823433
0 0.825796 0.841192 0.824663 0.840171 0.82727 0.829965 0.828403 0.830986
0 0.798368 0.842621 0.799048 0.844866 0.794061 0.851398 0.793154 0.849765
0 0.807888 0.864666 0.809022 0.863646 0.811289 0.871811 0.810269 0.872831
0 0.803695 0.846703 0.804828 0.846295 0.806528 0.85446 0.805395 0.855481
0 0.814349 0.882425 0.813102 0.881813 0.814462 0.869769 0.815596 0.870382
0 0.816956 0.860176 0.815822 0.859359 0.818656 0.847724 0.819676 0.848745
0 0.823076 0.922841 0.824436 0.922025 0.826023 0.931006 0.824889 0.931823
0 0.589029 0.438049 0.589595 0.436211 0.593109 0.439477 0.592656 0.441723
0 0.71597 0.663197 0.71937 0.659522 0.719823 0.661564 0.716423 0.66483
0 0.734217 0.526434 0.734784 0.524801 0.740678 0.529904 0.740224 0.531333
0 0.711323 0.517044 0.711889 0.515003 0.717443 0.519086 0.716876 0.521127
0 0.71495 0.49949 0.715743 0.497653 0.72039 0.50398 0.719483 0.505818
0 0.71495 0.508471 0.714156 0.510308 0.710756 0.505613 0.711549 0.503776
0 0.705429 0.554603 0.706336 0.553174 0.710756 0.561543 0.709963 0.563176
0 0.72209 0.598081 0.720957 0.599306 0.718236 0.591141 0.719256 0.589712
0 0.728664 0.619106 0.72753 0.619922 0.725037 0.608696 0.725944 0.607675
0 0.713816 0.637069 0.714836 0.636048 0.717216 0.642988 0.71631 0.644009
0 0.709623 0.668912 0.71393 0.664421 0.714496 0.666054 0.710303 0.670749
0 0.72379 0.51929 0.72413 0.51684 0.732631 0.522352 0.732177 0.524597
0 0.706562 0.665238 0.710643 0.661155 0.711096 0.662992 0.707129 0.666871
0 0.705882 0.884262 0.706449 0.882425 0.712229 0.888753 0.711663 0.890386
0 0.694662 0.502143 0.693755 0.500919 0.696475 0.491733 0.697382 0.492958
0 0.692735 0.501327 0.692735 0.503572 0.686501 0.50398 0.686388 0.501939
0 0.693642 0.680751 0.697495 0.67626 0.698175 0.678302 0.694322 0.682588
0 0.692735 0.678506 0.696702 0.674627 0.697269 0.676056 0.693302 0.680139
0 0.599569 0.426005 0.600136 0.424372 0.605576 0.430496 0.604896 0.432129
0 0.703842 0.474383 0.704749 0.475607 0.702369 0.48316 0.701462 0.481935
0 0.735577 0.523576 0.736031 0.521535 0.741471 0.526434 0.740791 0.528475
0 0.770373 0.818943 0.769353 0.819759 0.767993 0.81384 0.769126 0.812819
0 0.77026 0.676465 0.771506 0.675444 0.77298 0.683405 0.77196 0.684221
0 0.772413 0.829353 0.771393 0.829761 0.769693 0.820984 0.7706 0.820167
0 0.77434 0.838743 0.77332 0.839355 0.77162 0.830578 0.772526 0.829965
0 0.776833 0.851602 0.775813 0.852419 0.773773 0.8416 0.774793 0.840784
0 0.760852 0.819759 0.759832 0.820576 0.758472 0.813431 0.759492 0.812615
0 0.749632 0.815677 0.750652 0.814656 0.752692 0.82078 0.751672 0.8218
0 0.756999 0.755256 0.755979 0.756073 0.753939 0.747499 0.754959 0.746479
0 0.752805 0.739743 0.751785 0.740355 0.749292 0.728924 0.750425 0.728108
0 0.762326 0.709328 0.761872 0.707083 0.767993 0.703613 0.768219 0.705858
0 0.768786 0.658298 0.770033 0.658093 0.770373 0.668708 0.769353 0.669116
0 0.765273 0.658093 0.766633 0.656869 0.768673 0.664625 0.767653 0.665646
0 0.765726 0.650337 0.764819 0.651153 0.763119 0.643397 0.764139 0.64258
0 0.783067 0.597061 0.7842 0.595836 0.786581 0.602368 0.785674 0.603593
0 0.781027 0.586038 0.78216 0.585221 0.783974 0.594815 0.782727 0.595632
0 0.761192 0.531945 0.760286 0.533782 0.755525 0.526638 0.756545 0.524597
0 0.749858 0.53664 0.750652 0.534191 0.756092 0.539702 0.755299 0.541947
0 0.747818 0.527863 0.748385 0.525617 0.754279 0.530312 0.753825 0.532354
0 0.760852 0.629924 0.759719 0.630741 0.758359 0.622984 0.759492 0.622372
