0 0.462696 0.903761 0.463968 0.902826 0.466511 0.907265 0.46524 0.908199
0 0.0515049 0.0936697 0.0576515 0.0997431 0.0563798 0.101145 0.0500212 0.0950712
0 0.051081 0.0978743 0.0574396 0.10348 0.0563798 0.105349 0.0498092 0.0995095
0 0.319839 0.98762 0.318991 0.988554 0.316872 0.985985 0.317719 0.984817
0 0.228063 0.902126 0.229546 0.900958 0.234845 0.908433 0.233362 0.909834
0 0.23103 0.899556 0.232938 0.898388 0.237389 0.90633 0.235693 0.907732
0 0.23315 0.897687 0.234633 0.896286 0.239932 0.904228 0.238448 0.90563
0 0.297372 0.952348 0.298432 0.950946 0.300339 0.954216 0.299279 0.955384
0 0.254133 0.892782 0.253073 0.89395 0.25053 0.89068 0.251802 0.889745
0 0.964392 0.0476524 0.963332 0.0495211 0.958457 0.0460173 0.959517 0.0441486
0 0.0527766 0.0903994 0.0591352 0.0971736 0.0574396 0.0983415 0.0512929 0.0922682
