0 0.827554 0.766101 0.827554 0.767448 0.818494 0.767179 0.818807 0.765562
0 0.825992 0.740501 0.827554 0.739693 0.832552 0.744813 0.83099 0.745621
0 0.855358 0.76152 0.854108 0.762598 0.850672 0.758825 0.851921 0.757747
0 0.857545 0.774185 0.858794 0.773376 0.865042 0.780113 0.863793 0.780922
0 0.864105 0.779035 0.865667 0.777957 0.869103 0.781999 0.867854 0.782808
0 0.890034 0.808946 0.888472 0.810294 0.882849 0.804635 0.884411 0.803288
0 0.869416 0.565885 0.870978 0.565346 0.87254 0.571005 0.870978 0.571544
0 0.941581 0.526543 0.941581 0.52789 0.936582 0.528429 0.93627 0.526812
0 0.837238 0.762598 0.837551 0.763676 0.829428 0.76637 0.828803 0.765023
0 0.825055 0.736729 0.826304 0.73592 0.828803 0.738884 0.827554 0.739423
0 0.805373 0.751549 0.806935 0.751011 0.810372 0.757747 0.808497 0.758556
0 0.738519 0.646187 0.736957 0.647265 0.733521 0.643223 0.73477 0.642145
0 0.637301 0.472649 0.637613 0.473727 0.631053 0.476152 0.630116 0.474805
0 0.637926 0.466451 0.63855 0.467798 0.631365 0.470493 0.630428 0.469415
0 0.606685 0.854217 0.608247 0.853678 0.609809 0.85772 0.60856 0.85799
0 0.714777 0.0474266 0.720087 0.0458098 0.720712 0.0468876 0.715401 0.0487739
0 0.693846 0.641067 0.69447 0.642414 0.68666 0.64484 0.686348 0.643492
0 0.698844 0.641606 0.699157 0.642684 0.691034 0.645648 0.690409 0.644031
0 0.710715 0.637833 0.711653 0.639181 0.703218 0.641606 0.702593 0.640259
0 0.720712 0.63433 0.721337 0.635947 0.715714 0.637564 0.714777 0.636217
0 0.733521 0.639181 0.732584 0.640528 0.725398 0.636486 0.726336 0.635139
0 0.779756 0.767448 0.779132 0.765831 0.787566 0.764484 0.787879 0.765831
0 0.793814 0.734034 0.795376 0.733226 0.800062 0.738884 0.798813 0.739693
0 0.769135 0.68014 0.767885 0.681218 0.763824 0.676906 0.765073 0.675829
0 0.771009 0.540016 0.770072 0.538669 0.777882 0.535705 0.778819 0.537052
0 0.817245 0.523848 0.817869 0.525195 0.810684 0.528429 0.810059 0.526812
0 0.824117 0.571544 0.822868 0.572622 0.817245 0.567233 0.818494 0.566424
0 0.81537 0.576395 0.813808 0.576933 0.809747 0.569388 0.810997 0.568849
0 0.810997 0.56858 0.812559 0.567771 0.816932 0.575856 0.815683 0.576125
0 0.814121 0.582862 0.812559 0.583131 0.810684 0.579359 0.811934 0.57882
0 0.79069 0.534627 0.791003 0.535974 0.783193 0.538399 0.782568 0.537052
0 0.851921 0.526812 0.850359 0.527351 0.845986 0.520884 0.84786 0.519806
0 0.81662 0.729992 0.818182 0.729184 0.823493 0.735112 0.821931 0.73619
0 0.823493 0.729992 0.824742 0.729184 0.828491 0.732956 0.827241 0.734034
0 0.9597 0.885206 0.95845 0.886015 0.956264 0.883589 0.957201 0.882781
0 0.977819 0.905955 0.976882 0.906764 0.973446 0.903261 0.974695 0.902722
0 0.98438 0.909458 0.982818 0.910536 0.978757 0.905686 0.980006 0.904877
0 0.627929 0.470224 0.628554 0.47184 0.623555 0.473188 0.62293 0.47184
0 0.614495 0.66505 0.613558 0.663433 0.620119 0.661277 0.620744 0.662625
0 0.365823 0.713285 0.364261 0.713824 0.361762 0.707895 0.363324 0.707357
0 0.268978 0.478038 0.27054 0.477769 0.272727 0.482619 0.270853 0.483158
0 0.312402 0.585826 0.310528 0.586365 0.307716 0.579089 0.309591 0.57855
0 0.319275 0.597144 0.32115 0.596605 0.323961 0.603341 0.322087 0.60415
0 0.323961 0.611156 0.322399 0.611964 0.320525 0.606845 0.321774 0.606036
0 0.275851 0.686607 0.274289 0.686877 0.272727 0.682026 0.274289 0.681487
0 0.363636 0.704123 0.362387 0.704662 0.35895 0.697656 0.360512 0.697117
0 0.36676 0.711668 0.365511 0.712207 0.362387 0.705201 0.363949 0.704662
0 0.363324 0.707087 0.361762 0.707626 0.35895 0.701159 0.3602 0.70062
0 0.370197 0.725141 0.368947 0.72568 0.365823 0.718674 0.367385 0.718135
0 0.370822 0.72056 0.368947 0.721369 0.36676 0.716518 0.368635 0.71571
0 0.353952 0.684721 0.35239 0.68526 0.349891 0.679332 0.351453 0.678793
0 0.348329 0.666936 0.346454 0.667745 0.344267 0.662355 0.346142 0.661816
0 0.374258 0.728914 0.373008 0.729453 0.370197 0.723794 0.371446 0.723255
0 0.379569 0.735381 0.378319 0.73619 0.374258 0.731339 0.375508 0.730531
0 0.310216 0.784964 0.308966 0.785772 0.30553 0.780922 0.306779 0.780113
0 0.315526 0.7917 0.317088 0.790892 0.3199 0.795473 0.31865 0.796281
0 0.328022 0.810563 0.329585 0.809755 0.332084 0.813797 0.330522 0.814605
0 0.338019 0.82242 0.339581 0.821342 0.343018 0.825923 0.341143 0.826731
0 0.441112 0.821072 0.441737 0.82242 0.436739 0.824306 0.435801 0.822959
0 0.442674 0.82242 0.442987 0.823498 0.437988 0.825384 0.437363 0.824037
0 0.443299 0.823767 0.443924 0.824845 0.438925 0.826731 0.438301 0.825653
0 0.441737 0.833468 0.440487 0.834007 0.438301 0.829695 0.43955 0.828887
0 0.138082 0.0202102 0.136207 0.0194018 0.140269 0.012665 0.141518 0.0129345
0 0.11309 0.00916195 0.113714 0.0102398 0.107154 0.0145513 0.106529 0.0137429
0 0.0418619 0.390191 0.0434239 0.389383 0.046548 0.394503 0.0452983 0.395311
0 0.0515464 0.405282 0.0502968 0.406359 0.046548 0.401778 0.04811 0.40097
0 0.134645 0.035031 0.132771 0.0344921 0.134645 0.026408 0.136207 0.0266774
0 0.172134 0.122339 0.173696 0.12207 0.175258 0.125842 0.174321 0.126381
0 0.151203 0.179736 0.149641 0.180544 0.146829 0.17273 0.148079 0.172191
0 0.213683 0.343034 0.212434 0.343304 0.210247 0.336836 0.211496 0.336297
0 0.221493 0.362167 0.219931 0.362975 0.21712 0.35543 0.218369 0.354621
0 0.211809 0.331717 0.210247 0.331986 0.208372 0.326058 0.209622 0.325519
0 0.192752 0.610078 0.191503 0.610887 0.188691 0.607114 0.189941 0.606036
0 0.176195 0.651037 0.175258 0.64996 0.181193 0.646995 0.181818 0.648073
0 0.183068 0.647804 0.182443 0.646726 0.187441 0.644301 0.188066 0.645379
0 0.194314 0.633522 0.193065 0.63433 0.189316 0.628941 0.190878 0.628133
0 0.442674 0.821072 0.443924 0.820534 0.446111 0.824845 0.444861 0.825384
0 0.41487 0.812719 0.422056 0.810563 0.42268 0.811911 0.415808 0.814066
0 0.574196 0.677176 0.573571 0.675559 0.582318 0.672595 0.582943 0.673942
0 0.367385 0.346807 0.368635 0.347885 0.364886 0.350849 0.363636 0.349771
0 0.441112 0.769065 0.439863 0.769873 0.437988 0.765562 0.43955 0.765023
0 0.466729 0.763406 0.467354 0.765023 0.461418 0.767179 0.460481 0.765023
0 0.467979 0.766101 0.468291 0.767448 0.462668 0.768526 0.462356 0.766909
0 0.452046 0.732687 0.452671 0.734034 0.447048 0.73592 0.446423 0.734573
0 0.452671 0.734034 0.452983 0.735381 0.447673 0.737268 0.446735 0.73592
0 0.459856 0.749394 0.460481 0.750472 0.454858 0.752358 0.454545 0.75128
0 0.460794 0.750741 0.461731 0.752088 0.455795 0.754244 0.45517 0.752897
0 0.442987 0.734842 0.441425 0.735381 0.438925 0.729722 0.440175 0.729184
0 0.447673 0.733226 0.446423 0.733764 0.443611 0.728106 0.445173 0.727836
0 0.461418 0.737268 0.459856 0.737807 0.457357 0.732148 0.458919 0.731339
0 0.449859 0.56346 0.44861 0.563999 0.446111 0.556993 0.44736 0.556454
0 0.33552 0.355969 0.334583 0.357586 0.32646 0.354082 0.327398 0.352735
0 0.451734 0.765562 0.450172 0.76637 0.447985 0.762059 0.449547 0.76152
0 0.580756 0.800862 0.582318 0.800323 0.58513 0.80706 0.583568 0.807868
0 0.563886 0.682296 0.562637 0.681218 0.56826 0.677984 0.569197 0.679332
0 0.549203 0.687416 0.548579 0.685799 0.556701 0.683104 0.557326 0.684721
0 0.588878 0.674481 0.589503 0.675829 0.584192 0.677445 0.583568 0.676098
0 0.573571 0.679332 0.572634 0.677984 0.578882 0.675559 0.579506 0.677176
0 0.445173 0.768257 0.443611 0.768795 0.441425 0.764753 0.442987 0.763945
0 0.443611 0.770143 0.442049 0.770682 0.439863 0.765292 0.441425 0.764484
0 0.416745 0.815414 0.423305 0.812988 0.42393 0.814336 0.41737 0.816761
0 0.427366 0.832121 0.428928 0.831851 0.431115 0.837241 0.429553 0.83751
0 0.418307 0.817839 0.424867 0.815683 0.42518 0.816761 0.418932 0.818917
0 0.417994 0.819186 0.42518 0.816761 0.426117 0.818108 0.418932 0.820534
0 0.419244 0.820803 0.426117 0.818647 0.426429 0.819995 0.419869 0.821881
0 0.420494 0.824576 0.426742 0.82242 0.427679 0.824037 0.421118 0.826192
0 0.414558 0.829426 0.420806 0.827001 0.421743 0.828348 0.415183 0.830773
0 0.40956 0.815953 0.415808 0.814066 0.416745 0.815414 0.410184 0.817569
0 0.415495 0.833199 0.422368 0.831851 0.42268 0.833468 0.41612 0.834815
0 0.416432 0.835624 0.417682 0.835085 0.420181 0.840744 0.418932 0.841013
0 0.417994 0.835085 0.419556 0.834546 0.421743 0.840205 0.420494 0.840744
0 0.421118 0.834276 0.42268 0.833738 0.42518 0.839127 0.423618 0.839666
0 0.42393 0.833199 0.425804 0.832929 0.427991 0.838319 0.426429 0.838857
0 0.425804 0.83266 0.427366 0.832121 0.429241 0.83751 0.428304 0.838049
0 0.428928 0.831851 0.430178 0.831043 0.432677 0.836702 0.431428 0.837241
0 0.439238 0.769334 0.437676 0.770143 0.436114 0.76637 0.437676 0.766101
0 0.434239 0.835624 0.432677 0.836163 0.430803 0.831851 0.432365 0.831043
0 0.41487 0.79197 0.416432 0.791161 0.418619 0.79682 0.417057 0.797359
0 0.421118 0.790622 0.422368 0.789814 0.424555 0.794126 0.422993 0.794665
0 0.423305 0.75128 0.424867 0.750472 0.427366 0.755322 0.425804 0.755591
0 0.425804 0.750741 0.427366 0.750472 0.429241 0.755591 0.427679 0.75613
0 0.429553 0.749124 0.431115 0.748585 0.43299 0.753166 0.431428 0.753705
0 0.431115 0.747507 0.432677 0.746968 0.434864 0.751549 0.433302 0.752358
0 0.432677 0.738884 0.432052 0.737537 0.438613 0.735651 0.438925 0.736729
0 0.433614 0.740771 0.432677 0.739423 0.439238 0.737268 0.43955 0.738345
0 0.429553 0.724064 0.428928 0.722447 0.434864 0.72056 0.435489 0.721908
0 0.450484 0.716518 0.449859 0.715441 0.455795 0.713285 0.45642 0.714363
0 0.438301 0.77149 0.436739 0.772029 0.434552 0.766909 0.435801 0.76637
