1 0.899586 0.21672 0.893892 0.215005 0.901139 0.209646 0.90735 0.211361
1 0.373188 0.308896 0.3706 0.31104 0.356108 0.308682 0.358696 0.306538
1 0.36646 0.315113 0.364389 0.317471 0.349896 0.314684 0.351967 0.312326
1 0.359213 0.317685 0.357143 0.320043 0.345756 0.317471 0.348344 0.315327
1 0.338509 0.319614 0.341615 0.317471 0.35559 0.320686 0.351967 0.323258
1 0.326087 0.373419 0.332298 0.373205 0.333851 0.380064 0.326605 0.380279
1 0.326605 0.382208 0.334369 0.381994 0.334369 0.388424 0.32764 0.388424
1 0.328675 0.390354 0.334886 0.390354 0.335404 0.395713 0.329193 0.395927
1 0.329193 0.398714 0.335921 0.398285 0.336957 0.405359 0.329193 0.405145
1 0.331781 0.414362 0.338509 0.413934 0.339545 0.419936 0.333333 0.42015
1 0.332298 0.430225 0.339545 0.430225 0.339545 0.436442 0.332816 0.436442
1 0.331781 0.422079 0.339027 0.421865 0.339545 0.428725 0.332816 0.428939
1 0.381988 0.301608 0.3794 0.304609 0.364389 0.301608 0.366977 0.29925
1 0.300725 0.498178 0.293996 0.498821 0.292443 0.49239 0.298654 0.492176
1 0.344203 0.526474 0.349896 0.527331 0.347308 0.533976 0.34058 0.532905
1 0.306418 0.613505 0.312629 0.61329 0.313665 0.61865 0.307453 0.618864
1 0.328157 0.793355 0.328675 0.796141 0.312629 0.796785 0.312629 0.793783
1 0.328157 0.789068 0.329193 0.791854 0.312112 0.792283 0.311594 0.789282
1 0.328675 0.781565 0.329193 0.784352 0.313665 0.78478 0.313665 0.782208
1 0.32764 0.777921 0.32764 0.780707 0.312112 0.780922 0.312112 0.778135
1 0.378364 0.305252 0.375776 0.307824 0.360248 0.305038 0.362836 0.302465
1 0.384058 0.299035 0.381988 0.300965 0.368012 0.298607 0.371118 0.296249
1 0.365424 0.102251 0.372153 0.102251 0.372153 0.108253 0.365424 0.108253
1 0.341615 0.0896034 0.334886 0.0898178 0.334886 0.0829582 0.341097 0.0829582
1 0.335921 0.0690247 0.328675 0.0694534 0.328675 0.0634512 0.335404 0.0634512
1 0.334886 0.0570204 0.32764 0.0572347 0.32764 0.0503751 0.334369 0.0505895
1 0.348344 0.0212219 0.354555 0.0212219 0.354555 0.0274384 0.348344 0.0274384
1 0.361801 0.0180064 0.367495 0.0180064 0.367495 0.0237942 0.361801 0.0237942
1 0.359213 0.0527331 0.365942 0.0527331 0.365942 0.0583065 0.359213 0.0583065
1 0.35766 0.0445874 0.365424 0.0445874 0.365424 0.0505895 0.35766 0.0505895
1 0.360766 0.0688103 0.366977 0.0688103 0.366977 0.0745981 0.360766 0.0745981
1 0.362319 0.0773848 0.369565 0.0773848 0.369565 0.0846731 0.362319 0.0846731
1 0.362836 0.0859593 0.370083 0.0859593 0.370083 0.0923901 0.362836 0.0923901
1 0.352484 0.0956056 0.359731 0.0956056 0.359731 0.102036 0.352484 0.102036
1 0.368012 0.118542 0.374741 0.118542 0.374741 0.124116 0.368012 0.124116
1 0.388199 0.295177 0.386128 0.297964 0.371636 0.295606 0.375776 0.292819
1 0.370083 0.125831 0.376294 0.125831 0.376294 0.131404 0.370083 0.131404
1 0.372671 0.147267 0.378364 0.147267 0.378364 0.152626 0.372671 0.152626
1 0.374741 0.162915 0.380952 0.162915 0.380952 0.169346 0.374741 0.169346
1 0.372671 0.154984 0.379917 0.154984 0.379917 0.161629 0.372671 0.161629
1 0.378882 0.188853 0.384576 0.188853 0.384576 0.193998 0.378882 0.193998
1 0.376294 0.180279 0.38354 0.180279 0.38354 0.187567 0.376294 0.187567
1 0.380435 0.205573 0.387681 0.205573 0.387681 0.212647 0.380435 0.212647
1 0.380952 0.214577 0.388716 0.214577 0.388716 0.221436 0.380952 0.221436
1 0.384576 0.233441 0.391822 0.233441 0.391822 0.2403 0.384576 0.2403
1 0.385093 0.242658 0.392857 0.242658 0.392857 0.249946 0.385093 0.249946
1 0.386646 0.253162 0.393892 0.253162 0.393892 0.259593 0.386646 0.259593
1 0.399068 0.289389 0.396998 0.291961 0.38147 0.289603 0.384058 0.286817
1 0.394928 0.292819 0.393375 0.295391 0.380435 0.292819 0.38354 0.290675
0 0.347308 0.0392283 0.355072 0.0392283 0.355072 0.046731 0.347308 0.046731
0 0.384576 0.119185 0.396998 0.119185 0.399068 0.136977 0.386646 0.137406
1 0.136646 0.842872 0.142857 0.842658 0.143892 0.849089 0.137681 0.849303
1 0.130952 0.825295 0.137681 0.825295 0.137681 0.83194 0.131988 0.83194
1 0.115942 0.821436 0.110248 0.821865 0.10766 0.815005 0.113872 0.814791
1 0.0916149 0.77492 0.0854037 0.773419 0.0921325 0.76806 0.0988613 0.769346
1 0.0812629 0.70268 0.0740166 0.703108 0.0729814 0.69732 0.0797101 0.697106
1 0.0781573 0.695606 0.0719462 0.69582 0.0703934 0.689389 0.0766046 0.68896
1 0.101967 0.682958 0.0952381 0.683601 0.0942029 0.676527 0.100414 0.676527
1 0.0993789 0.675027 0.0931677 0.675456 0.0916149 0.669025 0.0983437 0.66881
1 0.068323 0.664952 0.0745342 0.664737 0.076087 0.671168 0.0693582 0.671168
1 0.909938 0.209646 0.903727 0.208574 0.913043 0.202787 0.919255 0.204502
1 0.634058 0.648232 0.626294 0.648446 0.625776 0.641372 0.632505 0.641372
1 0.637164 0.665809 0.629917 0.665809 0.628882 0.65895 0.635611 0.65895
1 0.670807 0.652519 0.663043 0.652304 0.663043 0.645659 0.67029 0.645659
1 0.635093 0.655949 0.628364 0.656163 0.627329 0.649946 0.634058 0.649732
1 0.667184 0.627653 0.660455 0.628081 0.659938 0.621651 0.666149 0.621436
1 0.628364 0.618006 0.621118 0.618221 0.620083 0.611576 0.626812 0.611576
1 0.658903 0.617149 0.652174 0.617149 0.650621 0.611361 0.658385 0.611147
1 0.626812 0.609432 0.620083 0.609646 0.619048 0.602787 0.625776 0.602572
1 0.625259 0.601715 0.618012 0.601929 0.616977 0.59507 0.624224 0.59507
1 0.622671 0.593355 0.61646 0.593569 0.615942 0.58671 0.622671 0.58671
1 0.594203 0.594641 0.593168 0.592069 0.608696 0.591211 0.609213 0.593783
1 0.593685 0.59164 0.593168 0.588639 0.608696 0.587996 0.610248 0.590782
1 0.622671 0.585209 0.615424 0.585209 0.615424 0.578778 0.622671 0.578992
1 0.621118 0.576635 0.613872 0.576849 0.612319 0.570418 0.619565 0.570418
1 0.678054 0.591426 0.67236 0.590139 0.681159 0.584566 0.686335 0.586066
1 0.61853 0.568703 0.611284 0.569132 0.610248 0.562272 0.616977 0.562058
1 0.614389 0.559486 0.60766 0.5597 0.60559 0.553055 0.612836 0.55284
1 0.612319 0.551983 0.60559 0.551983 0.604037 0.544909 0.611801 0.544909
1 0.77795 0.0565916 0.772774 0.0553055 0.780538 0.0495177 0.786749 0.0505895
1 0.752588 0.687674 0.753623 0.689818 0.736542 0.690461 0.736542 0.688103
1 0.786749 0.518971 0.781056 0.517471 0.788302 0.513398 0.792961 0.514684
1 0.805901 0.452519 0.802795 0.454662 0.789855 0.451447 0.792961 0.449303
1 0.823499 0.455305 0.827122 0.452947 0.839545 0.456592 0.836439 0.458735
1 0.859213 0.432369 0.862319 0.430439 0.875776 0.434298 0.872153 0.436227
1 0.786749 0.291747 0.781056 0.290032 0.789855 0.285102 0.794513 0.286388
1 0.823499 0.267095 0.817805 0.265809 0.826087 0.26045 0.831781 0.261951
1 0.814182 0.234084 0.81677 0.231726 0.830228 0.235155 0.827122 0.237085
1 0.792443 0.229368 0.795549 0.226795 0.809006 0.229796 0.806418 0.23194
1 0.776398 0.224009 0.779503 0.221651 0.792443 0.225509 0.78882 0.227438
1 0.860248 0.228725 0.854037 0.227438 0.862836 0.221436 0.869048 0.223151
1 0.693582 0.110825 0.688923 0.109753 0.69824 0.103966 0.702899 0.105252
1 0.767081 0.0636656 0.761387 0.0621651 0.770704 0.056806 0.776398 0.0583065
1 0.787267 0.049732 0.781573 0.0484459 0.789855 0.0430868 0.795549 0.044373
1 0.785714 0.0293676 0.78882 0.0270096 0.802795 0.0306538 0.798137 0.0332262
1 0.766046 0.0276527 0.769151 0.0255091 0.784161 0.0291533 0.781573 0.0317256
1 0.802795 0.0109325 0.806418 0.00878885 0.818323 0.0120043 0.815735 0.0141479
1 0.738613 0.0186495 0.742236 0.0165059 0.756729 0.0201501 0.753106 0.022508
1 0.710663 0.567846 0.705487 0.566559 0.712733 0.5612 0.718944 0.562701
1 0.675983 0.575134 0.670807 0.573633 0.679089 0.568274 0.683747 0.569775
1 0.662008 0.538049 0.660973 0.534834 0.678054 0.53462 0.678054 0.537621
1 0.612836 0.541479 0.60559 0.541908 0.605072 0.535048 0.612319 0.535048
1 0.644928 0.53612 0.638199 0.53612 0.637681 0.530332 0.643892 0.530332
1 0.628364 0.530761 0.621636 0.530975 0.621636 0.524116 0.627847 0.523687
1 0.635611 0.513398 0.64234 0.513398 0.642857 0.518971 0.636128 0.518757
1 0.641304 0.512326 0.634576 0.51254 0.634576 0.506109 0.640787 0.505681
1 0.664079 0.458521 0.67029 0.460021 0.659938 0.465809 0.654762 0.464094
1 0.63147 0.424652 0.624741 0.424866 0.624224 0.418435 0.630435 0.418435
1 0.682195 0.409218 0.679089 0.411361 0.667184 0.40836 0.67029 0.406217
1 0.634058 0.387781 0.639752 0.386066 0.647516 0.390782 0.641304 0.392069
1 0.619565 0.347053 0.613354 0.346838 0.613872 0.340836 0.620083 0.34105
1 0.61853 0.336977 0.611284 0.336977 0.611801 0.33119 0.618012 0.330975
1 0.614907 0.28403 0.60766 0.28403 0.607143 0.277814 0.613872 0.277814
1 0.610766 0.257663 0.60352 0.258092 0.604037 0.25209 0.610248 0.25209
1 0.613354 0.27717 0.606108 0.277385 0.606108 0.271383 0.612836 0.271168
1 0.609213 0.250589 0.601967 0.250589 0.602484 0.244373 0.609213 0.244587
1 0.594203 0.247588 0.587992 0.247803 0.586439 0.241158 0.593168 0.240943
1 0.57971 0.243087 0.572464 0.243301 0.571429 0.237085 0.578157 0.236656
1 0.607143 0.232154 0.600414 0.232154 0.600414 0.22508 0.607143 0.224866
1 0.585404 0.183923 0.579193 0.184137 0.578157 0.177921 0.584886 0.177921
1 0.591615 0.11597 0.585404 0.116184 0.584369 0.109753 0.59058 0.109753
1 0.638199 0.164416 0.633023 0.16313 0.640787 0.158199 0.645445 0.1597
1 0.595756 0.148124 0.590062 0.148553 0.587992 0.142551 0.59472 0.142337
1 0.546584 0.0280815 0.546066 0.0306538 0.531573 0.0297964 0.532609 0.0267953
1 0.582816 0.0439443 0.575569 0.0439443 0.576605 0.0370847 0.583333 0.037299
1 0.556936 0.0122186 0.550207 0.0117899 0.552795 0.00450161 0.560041 0.00493033
1 0.545031 0.0109325 0.539337 0.0105038 0.544513 0.00364416 0.550725 0.00428725
1 0.538302 0.00943194 0.532091 0.00921758 0.534679 0.00235798 0.54089 0.00257235
