0 0.668369 0.491034 0.670071 0.490115 0.672624 0.502989 0.671206 0.503448
0 0.021844 0.512644 0.0209929 0.515402 0.0150355 0.508966 0.0156028 0.506667
0 0.102411 0.554483 0.10156 0.552184 0.108085 0.544368 0.108936 0.546667
0 0.444823 0.68092 0.446525 0.67954 0.448794 0.687816 0.447092 0.689195
0 0.592057 0.552644 0.590355 0.553103 0.587801 0.54023 0.58922 0.53931
0 0.442553 0.474943 0.441986 0.472644 0.44539 0.470805 0.445957 0.473103
0 0.460993 0.595402 0.46156 0.597701 0.45844 0.602299 0.457021 0.6
0 0.459007 0.585747 0.459858 0.587586 0.456454 0.593103 0.455603 0.591264
0 0.467518 0.623448 0.466099 0.624828 0.464397 0.618851 0.465532 0.617471
0 0.461844 0.615172 0.463546 0.614253 0.464681 0.622529 0.463546 0.622989
0 0.456454 0.629885 0.454752 0.630805 0.452199 0.618391 0.453901 0.617471
0 0.860709 0.309885 0.859291 0.310805 0.857305 0.301149 0.858723 0.30023
0 0.831773 0.15908 0.830355 0.16046 0.828369 0.151724 0.829787 0.150345
