0 0.247458 0.435646 0.24661 0.43658 0.243008 0.431441 0.243856 0.430507
0 0.286864 0.46391 0.2875 0.465078 0.28411 0.468115 0.283475 0.466947
0 0.291525 0.463443 0.292161 0.464845 0.287712 0.467181 0.287288 0.466013
0 0.296822 0.455968 0.297458 0.457136 0.29322 0.46064 0.292373 0.459238
0 0.282415 0.467648 0.283051 0.468816 0.279025 0.471619 0.27839 0.470451
0 0.287076 0.461107 0.2875 0.462509 0.283475 0.464377 0.283051 0.462976
0 0.291737 0.459939 0.292373 0.461107 0.288559 0.463443 0.288136 0.462275
0 0.247246 0.472787 0.246398 0.471619 0.250636 0.468349 0.251059 0.469516
0 0.263347 0.464845 0.262076 0.464845 0.261653 0.459238 0.262712 0.459238
0 0.309746 0.333567 0.310805 0.332633 0.313983 0.337304 0.313136 0.338005
0 0.303814 0.455034 0.304449 0.455968 0.300424 0.459238 0.299576 0.458071
0 0.304237 0.527213 0.303178 0.528148 0.299576 0.523242 0.300424 0.522308
0 0.303178 0.523009 0.304025 0.522074 0.307839 0.526746 0.306992 0.52768
0 0.383051 0.792572 0.382203 0.791637 0.384746 0.788601 0.385593 0.789769
0 0.370339 0.678813 0.369492 0.679748 0.366737 0.676244 0.367585 0.67531
0 0.376483 0.687223 0.375636 0.688157 0.37161 0.682784 0.372458 0.68185
0 0.369492 0.68185 0.368644 0.682784 0.365466 0.678346 0.366314 0.677412
0 0.269703 0.470451 0.269492 0.471619 0.265042 0.471852 0.265042 0.470684
0 0.287288 0.429105 0.288347 0.428171 0.29089 0.431908 0.289831 0.432843
0 0.291949 0.436113 0.29322 0.435412 0.297669 0.442186 0.29661 0.442887
0 0.249153 0.412988 0.247669 0.412287 0.25 0.406914 0.251059 0.407381
0 0.250636 0.421397 0.249364 0.42163 0.248517 0.416024 0.249576 0.415791
0 0.272246 0.438215 0.271398 0.439383 0.266525 0.436113 0.267161 0.434712
0 0.253178 0.364634 0.252119 0.363233 0.256568 0.359495 0.257415 0.360663
0 0.258898 0.359729 0.258263 0.358561 0.262288 0.354824 0.262924 0.355758
0 0.263771 0.354356 0.263347 0.352955 0.268432 0.350853 0.268644 0.352021
0 0.275212 0.355291 0.276271 0.354356 0.278814 0.358561 0.277542 0.359262
0 0.269703 0.350385 0.270127 0.348984 0.275 0.352021 0.274364 0.352955
0 0.366949 0.674609 0.36589 0.67531 0.362076 0.669937 0.362924 0.669236
0 0.3625 0.671572 0.361653 0.672506 0.358051 0.667134 0.358898 0.666199
0 0.383475 0.632796 0.384322 0.631862 0.388136 0.637234 0.387288 0.637935
0 0.53072 0.937164 0.529873 0.93623 0.532627 0.932726 0.533686 0.93366
0 0.474153 0.902359 0.475212 0.901425 0.479025 0.905863 0.477966 0.906797
0 0.475 0.901191 0.476059 0.900491 0.479873 0.904695 0.479025 0.90563
0 0.452119 0.938566 0.451059 0.939267 0.447246 0.934361 0.448093 0.933427
0 0.457627 0.948377 0.45678 0.949544 0.452331 0.944406 0.453178 0.943471
0 0.465042 0.888577 0.464407 0.887409 0.467585 0.88484 0.468432 0.885774
0 0.466525 0.65779 0.466314 0.659192 0.461864 0.659425 0.461653 0.658024
0 0.465254 0.00911002 0.466314 0.010278 0.462712 0.0151834 0.461653 0.0144826
0 0.528814 0.113058 0.527966 0.111656 0.532627 0.108386 0.533263 0.109554
0 0.531144 0.944639 0.530297 0.945807 0.525424 0.940902 0.526271 0.939734
0 0.530508 0.918477 0.531568 0.917543 0.535169 0.922448 0.53411 0.923382
0 0.481144 0.709647 0.480297 0.710348 0.476483 0.705209 0.477331 0.704275
0 0.514831 0.899556 0.515678 0.898388 0.519915 0.903294 0.518856 0.904228
0 0.552754 0.107685 0.55339 0.108619 0.548729 0.112591 0.548093 0.111423
0 0.561229 0.102313 0.561653 0.10348 0.55678 0.106984 0.556144 0.105583
0 0.536229 0.246905 0.535169 0.247606 0.532839 0.244102 0.533898 0.243167
0 0.544068 0.264891 0.543008 0.265592 0.539407 0.260453 0.540254 0.259519
0 0.537076 0.254847 0.536229 0.255781 0.532415 0.250175 0.533475 0.249241
0 0.545975 0.938566 0.547034 0.937631 0.550636 0.942537 0.549576 0.943471
0 0.372034 0.71175 0.370763 0.711983 0.369703 0.708713 0.370763 0.708012
0 0.523093 0.935763 0.522246 0.936931 0.518432 0.931792 0.519492 0.930624
0 0.455085 0.754964 0.454025 0.754029 0.457415 0.748657 0.458475 0.749358
0 0.481144 0.647746 0.48178 0.64868 0.477119 0.652651 0.476271 0.651717
0 0.373093 0.618547 0.373941 0.617613 0.377542 0.622985 0.376483 0.62392
0 0.404661 0.690026 0.404025 0.688858 0.408475 0.684653 0.409322 0.685587
0 0.396398 0.0499883 0.395551 0.0509227 0.392585 0.0469516 0.393644 0.0462509
0 0.405085 0.0696099 0.404237 0.0705443 0.400847 0.0658725 0.402119 0.0649381
0 0.416949 0.749591 0.41589 0.750292 0.413771 0.747022 0.414619 0.746087
0 0.414407 0.745387 0.413347 0.746087 0.410593 0.742116 0.411441 0.741182
0 0.409746 0.682084 0.408898 0.680916 0.413347 0.676945 0.413983 0.678113
0 0.412924 0.676711 0.412076 0.675543 0.416525 0.671806 0.417161 0.672974
0 0.407839 0.678813 0.406992 0.677645 0.411441 0.673674 0.412076 0.674842
0 0.40678 0.677645 0.405932 0.676711 0.410593 0.672506 0.411229 0.673674
0 0.391102 0.132679 0.389831 0.13338 0.385805 0.128241 0.386864 0.127073
0 0.445975 0.64868 0.444915 0.647279 0.45 0.643308 0.450847 0.644709
0 0.398729 0.140154 0.397669 0.141322 0.39322 0.135716 0.394492 0.134782
0 0.388559 0.127307 0.387288 0.127774 0.384534 0.121934 0.385805 0.121233
0 0.476059 0.10348 0.475 0.104181 0.473093 0.10021 0.474153 0.0997431
0 0.488559 0.0221911 0.489195 0.023359 0.484746 0.0277972 0.483898 0.0266293
0 0.487288 0.0212567 0.487924 0.0221911 0.483475 0.0259285 0.482839 0.0249942
0 0.471822 0.00467181 0.472458 0.00560617 0.468856 0.0095772 0.468008 0.00840925
0 0.481992 0.0259285 0.482627 0.0268629 0.479661 0.0291988 0.479237 0.0282644
0 0.255508 0.433544 0.254237 0.434011 0.251907 0.428171 0.252966 0.42747
0 0.197669 0.45737 0.196822 0.458071 0.194492 0.455034 0.195339 0.4541
0 0.236864 0.427237 0.236017 0.428171 0.232203 0.423032 0.233263 0.422098
0 0.223729 0.479094 0.222669 0.479794 0.219703 0.475356 0.220551 0.474655
0 0.231992 0.488904 0.231356 0.490072 0.227754 0.486569 0.228602 0.485401
0 0.241737 0.48213 0.24089 0.481196 0.244492 0.476758 0.245339 0.477926
0 0.242585 0.483298 0.24322 0.484233 0.240254 0.487503 0.239195 0.486569
0 0.198305 0.429573 0.197246 0.429806 0.195975 0.423266 0.197246 0.423032
0 0.572246 0.329596 0.572881 0.33053 0.567373 0.334268 0.566949 0.3331
0 0.566102 0.791404 0.565254 0.792338 0.563136 0.789535 0.563771 0.788601
0 0.641737 0.93039 0.643008 0.930157 0.644703 0.935763 0.643432 0.936463
0 0.624576 0.837655 0.623941 0.836487 0.628178 0.833217 0.628814 0.834151
0 0.851907 0.39687 0.852754 0.396169 0.854873 0.398739 0.853814 0.399673
0 0.796822 0.241532 0.797458 0.242467 0.793432 0.246204 0.792585 0.24527
0 0.801907 0.240131 0.801059 0.239196 0.80572 0.234758 0.806356 0.235693
0 0.843432 0.195048 0.842585 0.195749 0.840254 0.192478 0.841102 0.191778
0 0.8125 0.151834 0.811441 0.152768 0.80911 0.149264 0.809958 0.14833
0 0.829025 0.170287 0.827966 0.171222 0.824364 0.166316 0.825212 0.165616
0 0.815678 0.122868 0.816314 0.123803 0.811441 0.12754 0.810805 0.126372
0 0.83072 0.110255 0.831144 0.111189 0.828178 0.113992 0.827331 0.112824
0 0.827754 0.113992 0.82839 0.114926 0.825212 0.11773 0.824364 0.116795
0 0.84089 0.105116 0.841525 0.10605 0.838559 0.108853 0.837712 0.107919
0 0.85 0.0971736 0.850636 0.0983415 0.846186 0.102546 0.845339 0.101145
0 0.853178 0.0964728 0.853814 0.0978743 0.848941 0.101612 0.848305 0.100444
0 0.848941 0.194581 0.85 0.193646 0.853602 0.198785 0.852542 0.199486
0 0.818856 0.353656 0.817797 0.35459 0.815254 0.35132 0.816102 0.350385
0 0.830932 0.371175 0.831992 0.370474 0.835593 0.375146 0.834746 0.37608
0 0.800636 0.568792 0.799576 0.567624 0.803814 0.563186 0.804661 0.564354
0 0.791737 0.14576 0.792585 0.146928 0.788771 0.149731 0.788136 0.14833
0 0.796822 0.128241 0.795975 0.128942 0.793432 0.125672 0.79428 0.124737
0 0.792585 0.121934 0.791737 0.122868 0.788559 0.118897 0.789619 0.117963
0 0.804449 0.131278 0.804025 0.132679 0.798941 0.130343 0.799576 0.128942
0 0.791314 0.123102 0.790466 0.123803 0.7875 0.119832 0.788347 0.118897
0 0.794703 0.0513899 0.793856 0.0520906 0.791102 0.0485868 0.792161 0.0476524
0 0.777754 0.259752 0.777119 0.258584 0.78178 0.254847 0.782415 0.255781
0 0.800212 0.399673 0.799153 0.399439 0.8 0.393366 0.801059 0.3936
0 0.988983 0.525345 0.988136 0.524177 0.991949 0.520439 0.992797 0.521374
0 0.912288 0.542864 0.913136 0.542163 0.915466 0.545433 0.914407 0.546134
0 0.93178 0.617146 0.93072 0.616445 0.933898 0.610839 0.934958 0.611773
0 0.961229 0.10605 0.961864 0.106984 0.958898 0.10932 0.958051 0.108386
0 0.925212 0.30647 0.926059 0.30577 0.929873 0.310675 0.928814 0.311376
0 0.966949 0.365569 0.96589 0.365569 0.96589 0.360897 0.966949 0.360897
0 0.972034 0.362999 0.972669 0.362299 0.976271 0.367204 0.975212 0.367905
0 0.968856 0.548937 0.969703 0.550105 0.964619 0.554543 0.963771 0.553375
0 0.932839 0.45153 0.932203 0.450596 0.934958 0.448026 0.935593 0.448961
0 0.902119 0.585611 0.901483 0.584209 0.90572 0.580705 0.906356 0.581873
0 0.936864 0.450128 0.936229 0.449194 0.939407 0.445924 0.940254 0.446858
0 0.924364 0.0322355 0.925 0.0331698 0.920551 0.0373744 0.919703 0.0362065
0 0.916102 0.293389 0.915042 0.294557 0.911653 0.289418 0.912924 0.288484
0 0.934534 0.320252 0.935805 0.319552 0.939195 0.324457 0.938136 0.325625
0 0.770975 0.142724 0.770127 0.141556 0.775 0.137117 0.775636 0.137818
0 0.701271 0.225882 0.702119 0.226816 0.697246 0.231488 0.69661 0.230086
0 0.680297 0.248073 0.679237 0.246905 0.683263 0.2427 0.68411 0.243635
0 0.707839 0.167017 0.708898 0.166083 0.7125 0.171222 0.711441 0.172156
0 0.707203 0.00677412 0.708051 0.00607335 0.710381 0.0095772 0.709534 0.010278
0 0.661229 0.957019 0.660381 0.95772 0.658051 0.954216 0.658898 0.953516
0 0.718644 0.0196216 0.719703 0.0186872 0.722881 0.0238262 0.722034 0.0247606
0 0.622881 0.295025 0.622034 0.295959 0.619915 0.293623 0.620763 0.292689
0 0.617373 0.17309 0.617797 0.174258 0.614407 0.176127 0.613771 0.175426
0 0.66589 0.227517 0.666525 0.226115 0.671822 0.229152 0.671186 0.230554
0 0.660593 0.475823 0.659746 0.476991 0.655508 0.473488 0.656568 0.47232
0 0.710169 0.00840925 0.711017 0.00770848 0.714831 0.0128475 0.713771 0.0137818
0 0.711229 0.0123803 0.712288 0.0116795 0.716314 0.0175193 0.715254 0.01822
0 0.779873 0.104882 0.779237 0.105583 0.775212 0.100444 0.776271 0.0997431
0 0.737076 0.0453165 0.736017 0.0464845 0.732415 0.0415791 0.733263 0.0406447
0 0.770975 0.307638 0.774153 0.305069 0.787712 0.32469 0.784322 0.32726
0 0.742585 0.0558281 0.741737 0.0565288 0.739195 0.0532586 0.740254 0.0523242
0 0.74661 0.0614342 0.745551 0.062135 0.742161 0.0572296 0.742797 0.0562953
0 0.749364 0.0651717 0.748517 0.0658725 0.746186 0.0626022 0.746822 0.0616678
0 0.75339 0.0705443 0.752542 0.0714786 0.748941 0.0665732 0.749788 0.0658725
0 0.75678 0.0726466 0.755932 0.0733473 0.752119 0.068442 0.752966 0.0675076
0 0.738347 0.0497547 0.7375 0.0506891 0.733686 0.0457837 0.734746 0.0448493
0 0.741314 0.0534922 0.742161 0.0527914 0.744492 0.0558281 0.743644 0.0565288
0 0.743856 0.0546601 0.744703 0.0539594 0.748517 0.0588648 0.747458 0.0597991
0 0.767797 0.0878299 0.766949 0.0887643 0.763136 0.0836253 0.763983 0.0829246
0 0.763559 0.0845597 0.762712 0.085494 0.760169 0.0822238 0.760805 0.0812894
0 0.715678 0.0186872 0.716737 0.0179865 0.718856 0.0212567 0.718008 0.0219575
0 0.719492 0.0240598 0.720551 0.0231254 0.723517 0.0270965 0.722669 0.0280308
0 0.726483 0.033637 0.727542 0.0327026 0.731144 0.0380752 0.730297 0.038776
