1 0.34057 0.14216 0.344402 0.146431 0.339719 0.154973 0.335888 0.151312
1 0.0532141 0.215375 0.0515113 0.209884 0.0595998 0.205003 0.0613027 0.211104
1 0.187314 0.33252 0.189442 0.339231 0.181354 0.344722 0.179225 0.338621
1 0.145594 0.268456 0.148574 0.264185 0.155811 0.271507 0.153682 0.275778
1 0.141337 0.271507 0.143465 0.267236 0.149425 0.272727 0.147722 0.276998
1 0.12218 0.281879 0.123883 0.276998 0.130694 0.282489 0.128565 0.28676
1 0.242231 0.293472 0.243934 0.300183 0.236271 0.304454 0.234142 0.298963
1 0.234142 0.298963 0.235845 0.304454 0.229034 0.309335 0.226905 0.303234
1 0.220094 0.306284 0.221797 0.312386 0.214559 0.316656 0.212431 0.310555
1 0.212431 0.311775 0.214134 0.317267 0.206897 0.322148 0.205194 0.316046
1 0.202214 0.316656 0.203917 0.322148 0.195402 0.327639 0.193699 0.321538
1 0.192422 0.322758 0.193699 0.328859 0.185611 0.33313 0.183908 0.327639
1 0.183057 0.327639 0.185185 0.33374 0.177948 0.338621 0.175819 0.33313
1 0.170711 0.336181 0.171988 0.340451 0.164751 0.345333 0.163048 0.341062
1 0.181354 0.247102 0.184759 0.242831 0.190294 0.250763 0.187314 0.255034
1 0.163048 0.341062 0.164325 0.346553 0.158365 0.350214 0.156662 0.344722
1 0.0136228 0.449054 0.0170285 0.445394 0.0217114 0.452105 0.0187314 0.456376
1 0.00808855 0.452105 0.0110685 0.449054 0.0161771 0.456376 0.0131971 0.459426
1 0.0034057 0.453935 0.00681141 0.450885 0.0114943 0.457596 0.00893997 0.461257
1 0.0344828 0.47651 0.0374628 0.480781 0.0323542 0.488103 0.0297999 0.484442
1 0.0425713 0.500915 0.0446999 0.504576 0.040017 0.512508 0.0374628 0.509457
1 0.0404427 0.494814 0.042997 0.497865 0.0378885 0.507016 0.0353342 0.504576
1 0.0391656 0.488713 0.0412942 0.492373 0.0357599 0.500305 0.0336313 0.497254
1 0.037037 0.483221 0.0395913 0.486272 0.0349085 0.492984 0.0327799 0.490543
1 0.152831 0.264185 0.15496 0.259915 0.161345 0.267236 0.159217 0.270897
1 0.188165 0.244661 0.190719 0.241611 0.194977 0.248932 0.191997 0.251983
1 0.475521 0.257474 0.470839 0.257474 0.471264 0.245272 0.475521 0.245272
1 0.36739 0.0555217 0.371222 0.0506406 0.378033 0.0597926 0.374202 0.0646736
1 0.369519 0.151312 0.365688 0.150702 0.368242 0.139109 0.371648 0.140329
1 0.374628 0.148871 0.371222 0.147651 0.372925 0.136059 0.376756 0.136669
1 0.380587 0.14521 0.377182 0.1446 0.378459 0.134228 0.38229 0.134838
1 0.385696 0.14216 0.38229 0.14094 0.384419 0.130567 0.387825 0.132398
1 0.395913 0.136669 0.391656 0.135448 0.394636 0.124466 0.398467 0.126297
1 0.401447 0.134228 0.39719 0.131788 0.401022 0.122026 0.404427 0.124466
1 0.358025 0.131178 0.360153 0.126297 0.36739 0.131788 0.364836 0.136669
1 0.362282 0.126297 0.36441 0.121415 0.371222 0.127517 0.369093 0.132398
1 0.366539 0.122636 0.368242 0.117755 0.375905 0.123856 0.374202 0.128737
1 0.371648 0.119585 0.373776 0.114094 0.381439 0.118975 0.379736 0.123856
1 0.360579 0.042709 0.365688 0.0378279 0.371222 0.0500305 0.366965 0.0543014
1 0.201788 0.23612 0.203491 0.231849 0.210728 0.23978 0.208599 0.244051
1 0.387825 0.0878585 0.392082 0.0835876 0.397616 0.0939597 0.393785 0.0982306
1 0.39421 0.0988408 0.390805 0.102502 0.384845 0.0939597 0.388676 0.090299
1 0.390805 0.106772 0.386122 0.111043 0.380162 0.0988408 0.384419 0.0945699
1 0.238399 0.217816 0.241805 0.214155 0.246488 0.224527 0.243082 0.227578
1 0.227331 0.221477 0.231162 0.217816 0.236271 0.228188 0.233291 0.231239
1 0.217539 0.227578 0.220519 0.223917 0.225628 0.230628 0.223074 0.234899
1 0.174117 0.253203 0.175394 0.247712 0.183482 0.252593 0.181779 0.257474
1 0.0740741 0.310555 0.0723712 0.304454 0.0804598 0.300183 0.0821626 0.306284
1 0.0821626 0.306284 0.0804598 0.300183 0.088974 0.295302 0.0906769 0.300793
1 0.206045 0.232459 0.209025 0.228188 0.216262 0.23612 0.213708 0.241001
1 0.0323542 0.463697 0.034057 0.468578 0.0280971 0.47712 0.0259685 0.472849
1 0.0255428 0.492984 0.0217114 0.494814 0.0187314 0.483221 0.0229885 0.480781
1 0.0034057 0.482611 0.00127714 0.47773 0.0106428 0.472849 0.01192 0.47773
1 0.441039 0.208664 0.44487 0.203783 0.45083 0.212325 0.44785 0.217206
1 0.440187 0.198292 0.441039 0.201952 0.435079 0.206223 0.433802 0.201952
1 0.447424 0.1928 0.448702 0.197682 0.44189 0.202563 0.440187 0.197682
1 0.455513 0.18853 0.456364 0.193411 0.449127 0.197682 0.447424 0.1928
1 0.465304 0.182428 0.466582 0.187309 0.457642 0.1928 0.456364 0.18853
1 0.473819 0.177547 0.475096 0.182428 0.46871 0.186699 0.467007 0.181818
1 0.481907 0.172666 0.483184 0.178157 0.476373 0.182428 0.475096 0.176937
1 0.468284 0.19158 0.470839 0.187309 0.477224 0.193411 0.47467 0.198902
1 0.463602 0.195241 0.467007 0.19036 0.472967 0.197682 0.469987 0.201952
1 0.456364 0.200732 0.458067 0.194021 0.466582 0.200122 0.464879 0.205613
1 0.44785 0.203173 0.451256 0.198902 0.456364 0.206223 0.45381 0.211104
1 0.437207 0.212325 0.441039 0.208054 0.446999 0.216595 0.443593 0.220866
1 0.00510856 0.487492 0.0034057 0.482611 0.0123457 0.47834 0.0136228 0.483221
1 0.508727 0.214155 0.507024 0.220866 0.498936 0.216595 0.501064 0.209884
1 0.50745 0.206833 0.506173 0.212935 0.49851 0.210494 0.499787 0.203173
1 0.506599 0.198902 0.504896 0.205613 0.49553 0.200732 0.497233 0.194021
1 0.479353 0.220866 0.47467 0.220866 0.475947 0.205613 0.481056 0.206223
1 0.47467 0.226358 0.469987 0.226358 0.470413 0.214155 0.47467 0.214155
1 0.467433 0.228798 0.464027 0.229408 0.464453 0.216595 0.467859 0.215985
1 0.45977 0.231849 0.455087 0.231849 0.455513 0.218426 0.45977 0.219036
1 0.496807 0.232459 0.50149 0.233069 0.501064 0.244051 0.496807 0.244051
1 0.496381 0.246492 0.492124 0.246492 0.491273 0.234289 0.49553 0.234289
1 0.491273 0.250153 0.48659 0.250153 0.48659 0.23734 0.491273 0.23673
1 0.433376 0.202563 0.435079 0.206833 0.42699 0.212325 0.425713 0.207444
1 0.421882 0.207444 0.423159 0.212935 0.416347 0.217206 0.414645 0.212935
1 0.412516 0.214155 0.413793 0.219036 0.40613 0.224527 0.404427 0.219036
1 0.404002 0.219646 0.405705 0.224527 0.398467 0.228798 0.396765 0.223917
1 0.0106428 0.508237 0.00893997 0.501525 0.0178799 0.497865 0.0191571 0.503356
1 0.0136228 0.520439 0.0123457 0.514948 0.0221371 0.508847 0.0238399 0.514948
1 0.0174542 0.52593 0.0157514 0.520439 0.0234142 0.515558 0.0255428 0.52166
1 0.103874 0.386211 0.105577 0.391702 0.0970626 0.396583 0.0957854 0.391702
1 0.112814 0.38072 0.114091 0.385601 0.106854 0.390482 0.105151 0.385601
1 0.123457 0.374009 0.125585 0.38072 0.115368 0.387431 0.112814 0.3795
1 0.144317 0.361196 0.146445 0.368517 0.137505 0.374619 0.135377 0.367297
1 0.214134 0.325808 0.215837 0.33191 0.208599 0.336181 0.206897 0.330079
1 0.223074 0.320317 0.224777 0.327029 0.216262 0.33191 0.214134 0.325808
1 0.255002 0.301403 0.256705 0.307505 0.247339 0.312996 0.245211 0.306894
1 0.280971 0.288591 0.282673 0.295912 0.274159 0.299573 0.272882 0.292251
1 0.305236 0.278829 0.306939 0.283099 0.299276 0.288591 0.297148 0.283099
1 0.313751 0.272117 0.315453 0.278218 0.307365 0.28371 0.305236 0.278218
1 0.328225 0.263575 0.330353 0.269067 0.322691 0.274558 0.320562 0.268456
1 0.335462 0.259915 0.336739 0.265406 0.330779 0.269677 0.329076 0.262965
1 0.342699 0.255034 0.344402 0.261135 0.337165 0.265406 0.335462 0.259304
1 0.370796 0.23856 0.372499 0.244661 0.36441 0.249542 0.362708 0.243441
1 0.37931 0.233069 0.381013 0.23917 0.37335 0.245272 0.371222 0.23795
1 0.362282 0.243441 0.363559 0.248322 0.355896 0.253813 0.353768 0.248322
1 0.38825 0.228798 0.389527 0.233679 0.382716 0.23795 0.381013 0.233069
1 0.396765 0.223917 0.397616 0.228798 0.389953 0.233679 0.388676 0.228188
1 0.36441 0.154362 0.361005 0.151922 0.363559 0.140329 0.36739 0.14094
1 0.359302 0.158023 0.35547 0.156803 0.358025 0.145821 0.36143 0.147041
1 0.398467 0.138499 0.400596 0.133008 0.407407 0.139109 0.40613 0.14399
1 0.888889 0.518609 0.892295 0.513728 0.89868 0.52227 0.8957 0.527151
1 0.800766 0.613789 0.803746 0.61806 0.798638 0.624771 0.796083 0.62111
1 0.749255 0.649176 0.747978 0.643685 0.755641 0.639414 0.757344 0.644905
1 0.742869 0.633313 0.742444 0.627212 0.751384 0.625991 0.751384 0.632093
1 0.881652 0.5241 0.884206 0.521049 0.88974 0.530201 0.885909 0.533862
1 0.88676 0.52349 0.889315 0.519829 0.893997 0.52532 0.891443 0.528981
1 0.91656 0.508237 0.912729 0.510067 0.909749 0.500915 0.91358 0.498475
1 0.711792 0.0646736 0.710089 0.0579622 0.718604 0.0530811 0.720307 0.0591824
1 0.9553 0.352654 0.951469 0.352044 0.951469 0.340451 0.955726 0.340451
1 0.965092 0.342892 0.960834 0.344722 0.957429 0.33313 0.961686 0.3313
1 0.953597 0.220866 0.957854 0.216595 0.963389 0.226968 0.959132 0.230628
1 0.93146 0.176937 0.935292 0.174497 0.939549 0.183649 0.935717 0.186699
1 0.93146 0.163514 0.936569 0.160464 0.941252 0.171446 0.936569 0.175107
1 0.899532 0.0970104 0.90464 0.0945699 0.908472 0.107383 0.903789 0.110433
1 0.89272 0.0567419 0.896977 0.0543014 0.900383 0.0652837 0.896126 0.0677242
1 0.879949 0.0158633 0.884206 0.0140329 0.887612 0.0231849 0.883355 0.0262355
1 0.784589 0.042709 0.779906 0.0451495 0.775649 0.0305064 0.780758 0.0280659
0 0.853555 0.693716 0.857386 0.700427 0.847169 0.71446 0.843338 0.709579
1 0.773521 0.716901 0.776926 0.71324 0.782035 0.722392 0.779055 0.726052
1 0.907195 0.774863 0.911452 0.780354 0.904215 0.790726 0.900809 0.785235
1 0.936994 0.790726 0.939974 0.794387 0.935292 0.804149 0.931886 0.800488
1 0.251171 0.278829 0.246062 0.281269 0.241805 0.269677 0.246914 0.266626
1 0.402299 0.204393 0.404853 0.211104 0.393359 0.220256 0.390805 0.214765
0 0.369945 0.223307 0.371648 0.230018 0.358025 0.23734 0.356748 0.231239
0 0.64453 0.733984 0.641975 0.725442 0.652618 0.719341 0.655172 0.727883
1 0.921669 0.0231849 0.917412 0.0256254 0.913155 0.0152532 0.917837 0.0115924
1 0.910175 0.0500305 0.906343 0.0518609 0.903363 0.0408786 0.90762 0.0390482
1 0.958706 0.543624 0.962112 0.539963 0.966794 0.550946 0.963814 0.553386
1 0.9553 0.548505 0.959132 0.544234 0.964666 0.555217 0.960409 0.558267
1 0.992763 0.758389 0.995743 0.754728 1.00043 0.76327 0.997871 0.766321
1 0.897829 0.821232 0.899957 0.815131 0.9106 0.820012 0.908897 0.826113
1 0.98212 0.992678 0.983397 0.987797 0.989783 0.990848 0.988506 0.995729
1 0.983397 0.987797 0.984249 0.982306 0.991486 0.985357 0.990209 0.990848
1 0.990209 0.95363 0.991486 0.948749 1 0.95302 0.999149 0.957901
1 0.983397 0.981696 0.984249 0.976205 0.993189 0.979866 0.992337 0.984747
0 0.984249 0.769982 0.987654 0.765101 0.997446 0.779134 0.993614 0.783405
0 0.980843 0.774253 0.984674 0.769982 0.992763 0.783405 0.989783 0.787065
0 0.977437 0.779134 0.980843 0.774253 0.99106 0.790726 0.987229 0.795607
0 0.973606 0.784625 0.977863 0.779744 0.988931 0.798048 0.984674 0.802929
0 0.969774 0.790116 0.97318 0.785845 0.979566 0.796217 0.976586 0.800488
1 0.965517 0.805979 0.968923 0.802318 0.974883 0.81086 0.971477 0.815131
1 0.961686 0.81025 0.964666 0.806589 0.969774 0.815131 0.966794 0.818792
1 0.751384 0.0420988 0.748829 0.0347773 0.756066 0.0311165 0.757769 0.0384381
1 0.759898 0.0231849 0.758621 0.0170836 0.767986 0.0128127 0.769264 0.018914
0 0.374628 0.153752 0.376756 0.161074 0.364836 0.168395 0.362708 0.161074
1 0.160494 0.158023 0.157514 0.155583 0.160494 0.148261 0.163474 0.151312
1 0.44189 0.0494204 0.439762 0.0445394 0.446999 0.0359976 0.449553 0.0408786
1 0.484887 0.0805369 0.481481 0.0817572 0.478501 0.0719951 0.482759 0.0701647
1 0.488719 0.0774863 0.485313 0.0793167 0.482333 0.0695546 0.486164 0.0677242
1 0.496381 0.0738255 0.49255 0.076266 0.488719 0.0658938 0.492976 0.0634533
1 0.499787 0.0707749 0.496381 0.0732154 0.492976 0.0628432 0.496807 0.0610128
1 0.218817 0.14216 0.222648 0.138499 0.227756 0.149481 0.223925 0.153142
1 0.200511 0.161684 0.198382 0.155583 0.204768 0.150702 0.206897 0.156803
1 0.157514 0.154362 0.154108 0.151922 0.156662 0.14521 0.160068 0.147651
1 0.164325 0.161074 0.16092 0.158633 0.164325 0.150702 0.167731 0.154362
1 0.770966 0.0109823 0.768838 0.00549115 0.778203 0 0.779906 0.00488103
1 0.0395913 0.126907 0.0442742 0.123246 0.0481056 0.132398 0.0434227 0.136669
1 0.034057 0.115924 0.0387399 0.111653 0.042997 0.120805 0.0387399 0.124466
0 0.0183057 0.0909091 0.0217114 0.0835876 0.0332056 0.09518 0.0297999 0.102502
1 0.0280971 0.106162 0.0310771 0.101281 0.037037 0.106772 0.0344828 0.111653
1 0.0140485 0.0805369 0.0157514 0.0756559 0.0229885 0.0787065 0.0217114 0.0841977
1 0.0114943 0.076266 0.0114943 0.0701647 0.0195828 0.0695546 0.0195828 0.0750458
1 0.00936569 0.0701647 0.00936569 0.0640635 0.0174542 0.0634533 0.0170285 0.0695546
1 0.00127714 0.0567419 0.000425713 0.052471 0.0063857 0.0457596 0.00851426 0.0494204
1 0.00468284 0.0646736 0.00468284 0.0585723 0.0131971 0.0567419 0.0136228 0.0634533
1 0.34951 0.167175 0.352065 0.161684 0.36143 0.167175 0.359728 0.172666
1 0.439336 0.0439292 0.436356 0.0390482 0.442742 0.0323368 0.445296 0.0366077
1 0.436356 0.0384381 0.433802 0.0347773 0.440613 0.0262355 0.443167 0.0317267
1 0.431247 0.0292862 0.428267 0.0244051 0.435079 0.0164735 0.438059 0.0219646
1 0.423159 0.0152532 0.419753 0.0109823 0.426139 0.00305064 0.428693 0.00732154
1 0.733929 0.0262355 0.731801 0.0207444 0.740741 0.0152532 0.742444 0.0207444
1 0.720732 0.0341672 0.718604 0.0274558 0.730949 0.018914 0.732652 0.0256254
1 0.694338 0.0482001 0.693061 0.042709 0.701575 0.0378279 0.703278 0.0433191
1 0.684547 0.0561318 0.682418 0.0494204 0.692209 0.0433191 0.694338 0.0500305
1 0.665815 0.0671141 0.664112 0.0604027 0.67433 0.0543014 0.675607 0.0604027
1 0.590038 0.14399 0.586633 0.145821 0.583227 0.136669 0.587058 0.134228
1 0.585355 0.145821 0.580247 0.148871 0.57599 0.134838 0.581098 0.131788
1 0.506173 0.175107 0.503193 0.176327 0.499787 0.165955 0.503619 0.163514
1 0.59387 0.114704 0.595147 0.120805 0.58791 0.125076 0.586207 0.119585
1 0.563218 0.126907 0.561516 0.133618 0.55215 0.129957 0.553427 0.123246
0 0.473819 0.0317267 0.47765 0.0268456 0.487016 0.0414887 0.482333 0.0457596
0 0.463602 0.0311165 0.467859 0.0250153 0.475096 0.0359976 0.470839 0.0408786
0 0.50745 0.0451495 0.504044 0.052471 0.485313 0.0366077 0.488293 0.028676
1 0.468284 0.0170836 0.470839 0.0140329 0.475521 0.0207444 0.473393 0.023795
1 0.467859 0.00976205 0.472116 0.00488103 0.478927 0.0164735 0.47467 0.0207444
1 0.461473 0.00915192 0.46573 0.00610128 0.469562 0.0152532 0.466156 0.0183038
1 0.45381 0.0219646 0.458067 0.0183038 0.463176 0.0268456 0.45977 0.0311165
1 0.464453 0.0396583 0.467433 0.0359976 0.472967 0.042709 0.470413 0.0469799
1 0.452959 0.0292862 0.456364 0.0262355 0.462324 0.0347773 0.458493 0.0390482
1 0.445722 0.0158633 0.449553 0.0134228 0.454662 0.023795 0.451256 0.0268456
1 0.44785 0.0597926 0.445722 0.0555217 0.451682 0.04759 0.454236 0.0512508
1 0.486164 0.250763 0.482333 0.250153 0.482759 0.23734 0.48659 0.23795
1 0.470839 0.261135 0.467007 0.261135 0.467007 0.248932 0.470839 0.248932
1 0.466582 0.263575 0.463176 0.263575 0.463176 0.251983 0.467007 0.251373
1 0.45381 0.271507 0.45083 0.272117 0.449979 0.261745 0.45381 0.261745
1 0.936143 0.52288 0.942103 0.519219 0.94934 0.535692 0.942954 0.539963
